BEGIN IMS2.0
MSG_TYPE COMMAND_RESPONSE
MSG_ID cal_2019_1_AFI_cr
REF_ID cal_2019_1_AFI_cs
TIME_STAMP 2019/03/01 18:08:53

STA_LIST AFI
CHAN_LIST BHZ
CALIBRATE_RESULT
IN_SPEC yes
CALIB 0.0628595
CALPER 1
DATA_TYPE RESPONSE IMS2.0
CAL2 AFI BHZ STS2.5 6.28594615e-02 1.000 40.00000 2019/02/27 00:00
PAZ2 01 V 6.67047513e+05 0 0.000 7 7 STS2.5
-3.72833000e-02 -3.67000000e-02
-3.72833000e-02 3.67000000e-02
-9.73894000e+00 0.00000000e+00
-2.19911000e+02 1.38230000e+02
-2.19911000e+02 -1.38230000e+02
-2.19911000e+02 6.84867000e+02
-2.19911000e+02 -6.84867000e+02
0.00000000e+00 0.00000000e+00
0.00000000e+00 0.00000000e+00
-9.42478000e+00 0.00000000e+00
-6.28319000e+02 0.00000000e+00
-5.65487000e+02 9.79452000e+02
-5.65487000e+02 -9.79452000e+02
0.00000000e+00 0.00000000e+00
DIG2 2 1.67772000e+06 40.00000 Q330HR
FIR2 3 1.01e+00 1 0.430 A 39
4.18952000e-13 3.30318000e-04 1.02921000e-03 -3.14123000e-03 2.05709000e-04
1.52521000e-03 -6.23193000e-03 1.04801000e-02 -1.31202000e-02 1.07821000e-02
-1.44455000e-03 -1.58729000e-02 3.95074000e-02 -6.51036000e-02 8.53716000e-02
-8.91913000e-02 5.00619000e-02 8.37233000e-01 2.66723000e-01 -1.66693000e-01
9.52840000e-02 -5.09218000e-02 1.61458000e-02 7.06362000e-03 -1.83877000e-02
1.99414000e-02 -1.54895000e-02 8.52735000e-03 -2.55789000e-03 -1.81103000e-03
2.42649000e-03 -3.75769000e-03 4.67293000e-04 6.33072000e-04 -1.56874000e-06
-1.25480000e-05 3.21041000e-07 -2.63324000e-08 -5.09997000e-08

STA_LIST AFI
CHAN_LIST BHN
CALIBRATE_RESULT
IN_SPEC yes
CALIB 0.0628595
CALPER 1
DATA_TYPE RESPONSE IMS2.0
CAL2 AFI BHN STS2.5 6.28594615e-02 1.000 40.00000 2019/02/27 00:00
PAZ2 01 V 6.67047513e+05 0 0.000 7 7 STS2.5
-3.72833000e-02 -3.67000000e-02
-3.72833000e-02 3.67000000e-02
-9.73894000e+00 0.00000000e+00
-2.19911000e+02 1.38230000e+02
-2.19911000e+02 -1.38230000e+02
-2.19911000e+02 6.84867000e+02
-2.19911000e+02 -6.84867000e+02
0.00000000e+00 0.00000000e+00
0.00000000e+00 0.00000000e+00
-9.42478000e+00 0.00000000e+00
-6.28319000e+02 0.00000000e+00
-5.65487000e+02 9.79452000e+02
-5.65487000e+02 -9.79452000e+02
0.00000000e+00 0.00000000e+00
DIG2 2 1.67772000e+06 40.00000 Q330HR
FIR2 3 1.01e+00 1 0.430 A 39
4.18952000e-13 3.30318000e-04 1.02921000e-03 -3.14123000e-03 2.05709000e-04
1.52521000e-03 -6.23193000e-03 1.04801000e-02 -1.31202000e-02 1.07821000e-02
-1.44455000e-03 -1.58729000e-02 3.95074000e-02 -6.51036000e-02 8.53716000e-02
-8.91913000e-02 5.00619000e-02 8.37233000e-01 2.66723000e-01 -1.66693000e-01
9.52840000e-02 -5.09218000e-02 1.61458000e-02 7.06362000e-03 -1.83877000e-02
1.99414000e-02 -1.54895000e-02 8.52735000e-03 -2.55789000e-03 -1.81103000e-03
2.42649000e-03 -3.75769000e-03 4.67293000e-04 6.33072000e-04 -1.56874000e-06
-1.25480000e-05 3.21041000e-07 -2.63324000e-08 -5.09997000e-08

STA_LIST AFI
CHAN_LIST BHE
CALIBRATE_RESULT
IN_SPEC yes
CALIB 0.0628595
CALPER 1
DATA_TYPE RESPONSE IMS2.0
CAL2 AFI BHE STS2.5 6.28594615e-02 1.000 40.00000 2019/02/27 00:00
PAZ2 01 V 6.67047513e+05 0 0.000 7 7 STS2.5
-3.72833000e-02 -3.67000000e-02
-3.72833000e-02 3.67000000e-02
-9.73894000e+00 0.00000000e+00
-2.19911000e+02 1.38230000e+02
-2.19911000e+02 -1.38230000e+02
-2.19911000e+02 6.84867000e+02
-2.19911000e+02 -6.84867000e+02
0.00000000e+00 0.00000000e+00
0.00000000e+00 0.00000000e+00
-9.42478000e+00 0.00000000e+00
-6.28319000e+02 0.00000000e+00
-5.65487000e+02 9.79452000e+02
-5.65487000e+02 -9.79452000e+02
0.00000000e+00 0.00000000e+00
DIG2 2 1.67772000e+06 40.00000 Q330HR
FIR2 3 1.01e+00 1 0.430 A 39
4.18952000e-13 3.30318000e-04 1.02921000e-03 -3.14123000e-03 2.05709000e-04
1.52521000e-03 -6.23193000e-03 1.04801000e-02 -1.31202000e-02 1.07821000e-02
-1.44455000e-03 -1.58729000e-02 3.95074000e-02 -6.51036000e-02 8.53716000e-02
-8.91913000e-02 5.00619000e-02 8.37233000e-01 2.66723000e-01 -1.66693000e-01
9.52840000e-02 -5.09218000e-02 1.61458000e-02 7.06362000e-03 -1.83877000e-02
1.99414000e-02 -1.54895000e-02 8.52735000e-03 -2.55789000e-03 -1.81103000e-03
2.42649000e-03 -3.75769000e-03 4.67293000e-04 6.33072000e-04 -1.56874000e-06
-1.25480000e-05 3.21041000e-07 -2.63324000e-08 -5.09997000e-08
STOP
