BEGIN IMS2.0
MSG_TYPE COMMAND RESPONSE
MSG_ID cal_2019_1__LPAZ_cr
REF_ID cal_2019_1__LPAZ_cs
TIME_STAMP 19/01/30 15:34:36

STA_LIST LPAZ
CHAN_LIST SHZ
CALIBRATION_RESULT
CALIB 1.22200000e-02
CALPER 1
IN_SPEC Yes
DATA_TYPE RESPONSE IMS2.0
CAL2 LPAZ SHZ GS-21 1.22100000e-02 1.000 40.00000 2019/01/30 02:10 2019/01/30 02:26
FAP2 1 C 0.000 511
0.0391 0.00684663 172
0.0781 0.00111417 228
0.1172 0.00292569 253
0.1563 0.00667973 255
0.1953 0.01231692 252
0.2344 0.01982703 250
0.2734 0.03059134 246
0.3125 0.04535760 241
0.3516 0.06446869 238
0.3906 0.08590773 235
0.4297 0.11206380 232
0.4688 0.14331367 228
0.5078 0.17844020 223
0.5469 0.22065203 219
0.5859 0.26768467 216
0.6250 0.32298326 212
0.6641 0.37803628 209
0.7031 0.43885101 205
0.7422 0.50213553 201
0.7813 0.56835256 197
0.8203 0.63719552 194
0.8594 0.71366656 190
0.8984 0.79482175 186
0.9375 0.87653907 183
0.9766 0.95723092 180
1.0156 1.02925431 177
1.0547 1.10644275 175
1.0938 1.18232785 172
1.1328 1.26897551 169
1.1719 1.34490174 166
1.2109 1.41549480 164
1.2500 1.49008147 161
1.2891 1.56886874 159
1.3281 1.65207887 157
1.3672 1.73233568 155
1.4063 1.80874764 153
1.4453 1.87826992 151
1.4844 1.94917551 149
1.5234 2.01657301 147
1.5625 2.08746896 145
1.6016 2.15453751 145
1.6406 2.22230011 143
1.6797 2.29103499 142
1.7188 2.36333532 140
1.7578 2.42811616 138
1.7969 2.49358346 137
1.8359 2.55946398 136
1.8750 2.62603961 134
1.9141 2.69627772 133
1.9531 2.75755688 132
1.9922 2.82574479 131
2.0313 2.89117293 130
2.0703 2.95007653 129
2.1094 3.01619171 128
2.1484 3.07903867 127
2.1875 3.14592281 126
2.2266 3.20584267 126
2.2656 3.26951426 125
2.3047 3.32211301 124
2.3438 3.39016277 123
2.3828 3.44657387 123
2.4219 3.51524992 122
2.4609 3.57597082 121
2.5000 3.63278762 120
2.5391 3.68960442 120
2.5781 3.75491196 119
2.6172 3.81185974 118
2.6563 3.87326420 118
2.6953 3.92560964 117
2.7344 3.99633646 117
2.7734 4.05333512 116
2.8125 4.10575028 116
2.8516 4.15803946 115
2.8906 4.21976240 115
2.9297 4.29163868 114
2.9688 4.35392498 114
3.0078 4.41620225 113
3.0469 4.45818618 113
3.0859 4.52045186 112
3.1250 4.57772840 112
3.1641 4.62967176 111
3.2031 4.67595688 111
3.2422 4.72758996 110
3.2813 4.79011498 110
3.3203 4.84704805 110
3.3594 4.92676353 109
3.3984 4.96677510 109
3.4375 5.03550124 108
3.4766 5.06937858 108
3.5156 5.16177959 108
3.5547 5.21918816 107
3.5938 5.27052532 107
3.6328 5.32159095 107
3.6719 5.37886749 106
3.7109 5.43599754 106
3.7500 5.48063990 106
3.7891 5.53778470 105
3.8281 5.58191571 105
3.8672 5.64542488 105
3.9063 5.70250393 104
3.9453 5.77936379 104
3.9844 5.82321643 104
4.0234 5.88021508 104
4.0625 5.93735989 103
4.1016 5.99450469 103
4.1406 6.05150335 103
4.1797 6.10161936 102
4.2188 6.16579296 102
4.2578 6.22279161 102
4.2969 6.27993642 102
4.3359 6.33693507 101
4.3750 6.39407988 101
4.4141 6.45865621 101
4.4531 6.51572052 101
4.4922 6.56536814 101
4.5313 6.61489289 100
4.5703 6.66414915 100
4.6094 6.72116253 100
4.6484 6.77803009 99
4.6875 6.81932330 99
4.7266 6.88412663 99
4.7656 6.91699700 99
4.8047 6.98982457 99
4.8438 7.04670682 98
4.8828 7.12802043 98
4.9219 7.18509948 98
4.9609 7.23369965 98
5.0000 7.29071303 98
5.0391 7.33927189 98
5.0781 7.37906352 97
5.1172 7.43588032 97
5.1563 7.47546439 97
5.1953 7.53200554 97
5.2344 7.58869166 97
5.2734 7.65403978 96
5.3125 7.72856641 96
5.3516 7.78544866 96
5.3906 7.82414890 96
5.4297 7.87183232 95
5.4688 7.92851845 95
5.5078 7.98505959 95
5.5469 8.04174572 95
5.5859 8.09828686 95
5.6250 8.15497299 95
5.6641 8.21165911 95
5.7031 8.24918392 94
5.7422 8.29618284 94
5.7813 8.34306268 94
5.8203 8.40901971 94
5.8594 8.46551038 94
5.8984 8.52185658 94
5.9375 8.56847675 93
5.9766 8.62490242 93
6.0156 8.69118412 93
6.0547 8.75775173 93
6.0938 8.80416547 93
6.1328 8.86051167 93
6.1719 8.91700234 93
6.2109 8.98368544 92
6.2500 9.02983921 92
6.2891 9.07587488 92
6.3281 9.12164851 92
6.3672 9.17800926 92
6.4063 9.24500760 92
6.4453 9.32273064 91
6.4844 9.39009091 91
6.5234 9.42484050 91
6.5625 9.45952472 91
6.6016 9.50493620 91
6.6406 9.55008685 91
6.6797 9.60631797 91
6.7188 9.65143108 91
6.7578 9.69628416 90
6.7969 9.76362027 90
6.8359 9.79705849 90
6.8750 9.86444606 90
6.9141 9.88634260 90
6.9531 9.95356084 90
6.9922 9.98651232 90
7.0313 10.05392470 90
7.0703 10.10969007 89
7.1094 10.17730875 89
7.1484 10.22136380 89
7.1875 10.27727216 89
7.2266 10.32129086 89
7.2656 10.37699206 89
7.3047 10.44485426 89
7.3438 10.50076262 89
7.3828 10.55652799 89
7.4219 10.58802842 88
7.4609 10.61918579 88
7.5000 10.66255448 88
7.5391 10.73048876 88
7.5781 10.79842290 88
7.6172 10.85413850 88
7.6563 10.89730088 88
7.6953 10.95281004 88
7.7344 11.00846152 88
7.7734 11.06397067 87
7.8125 11.11962216 87
7.8516 11.17527364 87
7.8906 11.25667243 87
7.9297 11.29943575 87
7.9688 11.32903522 87
8.0078 11.38448051 87
8.0469 11.46644004 87
8.0859 11.52201314 87
8.1250 11.53780965 86
8.1641 11.56666921 86
8.2031 11.62192332 86
8.2422 11.70423811 86
8.2813 11.74623047 86
8.3203 11.78796902 86
8.3594 11.84336481 85
8.3984 11.91232560 85
8.4375 11.99537380 85
8.4766 12.00941050 85
8.5156 12.03691665 85
8.5547 12.10611469 85
8.5938 12.18948177 85
8.6328 12.23071030 85
8.6719 12.25784883 85
8.7109 12.27052171 85
8.7500 12.32559953 85
8.7891 12.39493934 85
8.8281 12.44993959 84
8.8672 12.46196434 84
8.9063 12.50251314 84
8.9453 12.57172609 84
8.9844 12.67036364 84
9.0234 12.72536388 84
9.0625 12.79522772 84
9.1016 12.83564642 84
9.1406 12.89064666 84
9.1797 12.93089212 84
9.2188 12.95610304 84
9.2578 13.04090690 84
9.2969 13.08091608 83
9.3359 13.18123768 83
9.3750 13.23644247 83
9.4141 13.29164726 83
9.4531 13.31601428 83
9.4922 13.37109210 83
9.5313 13.41072137 83
9.5703 13.48110688 83
9.6094 13.52060956 83
9.6484 13.57548331 83
9.6875 13.59914848 83
9.7266 13.63832565 82
9.7656 13.74038595 82
9.8047 13.81129208 82
9.8438 13.88234335 82
9.8828 13.88928874 82
9.9219 13.89616127 82
9.9609 13.96685357 82
10.0000 13.98942937 82
10.0391 14.04412804 82
10.0781 14.09868682 82
10.1172 14.16968955 82
10.1563 14.22445123 82
10.1953 14.27907286 82
10.2344 14.31734160 82
10.2734 14.37190037 81
10.3125 14.44321784 81
10.3516 14.49797952 81
10.3906 14.50242494 81
10.4297 14.54024809 81
10.4688 14.57796499 81
10.5078 14.63227309 81
10.5469 14.66982146 81
10.5859 14.72406707 80
10.6250 14.76144724 80
10.6641 14.83283648 80
10.7031 14.88708209 80
10.7422 14.97591043 80
10.7813 15.03042050 80
10.8203 15.06743415 80
10.8594 15.12188150 80
10.8984 15.15872742 80
10.9375 15.23063695 80
10.9766 15.24992958 80
11.0156 15.32174243 80
11.0547 15.39383975 79
11.0938 15.46608284 79
11.1328 15.52045350 79
11.1719 15.57496358 79
11.2109 15.59338776 79
11.2500 15.64777247 79
11.2891 15.64801739 79
11.3281 15.62993148 79
11.3672 15.68387966 79
11.4063 15.75595711 79
11.4453 15.90110044 79
11.4844 15.93706377 79
11.5234 15.99118462 79
11.5625 16.02698187 79
11.6016 16.04419338 79
11.6406 16.07960463 78
11.6797 16.11505113 78
11.7188 16.20627270 78
11.7578 16.27893798 78
11.7969 16.33307281 78
11.8359 16.33056788 78
11.8750 16.38451606 78
11.9141 16.49533884 78
11.9531 16.56839931 78
11.9922 16.56528312 78
12.0313 16.58107013 78
12.0703 16.63481841 77
12.1094 16.76573607 78
12.1484 16.80037916 77
12.1875 16.87386727 77
12.2266 16.90852423 77
12.2656 16.96245848 77
12.3047 16.99695128 77
12.3438 17.03134226 77
12.3828 17.04585770 77
12.4219 17.11937987 77
12.4609 17.21271630 77
12.5000 17.22701425 77
12.5391 17.24115538 77
12.5781 17.27488016 77
12.6172 17.34854222 77
12.6563 17.44242084 77
12.6953 17.51632393 77
12.7344 17.55005522 76
12.7734 17.54310700 76
12.8125 17.53613493 76
12.8516 17.56941090 76
12.8906 17.64302836 76
12.9297 17.73733826 76
12.9688 17.79097678 76
13.0078 17.86503416 76
13.0469 17.87752252 76
13.0859 17.91033038 76
13.1250 17.92252984 75
13.1641 17.95523827 75
13.2031 18.00843251 75
13.2422 18.10339981 75
13.2813 18.17776927 75
13.3203 18.21017025 75
13.3594 18.22161866 75
13.3984 18.29586467 75
13.4375 18.39155614 75
13.4766 18.46631920 75
13.5156 18.51975897 75
13.5547 18.55196473 75
13.5938 18.54132968 75
13.6328 18.59452392 74
13.6719 18.66933605 74
13.7109 18.74415916 74
13.7500 18.71124555 74
13.7891 18.76445353 74
13.8281 18.83920238 74
13.8672 18.93602330 74
13.9063 18.92394138 74
13.9453 18.91158206 74
13.9844 18.98645296 74
14.0234 19.06133534 74
14.0625 19.15854553 74
14.1016 19.16762886 74
14.1406 19.22063969 74
14.1797 19.27378644 74
14.2188 19.32693320 74
14.2578 19.35764488 74
14.2969 19.41073048 74
14.3359 19.44128482 73
14.3750 19.49430934 73
14.4141 19.54733387 73
14.4531 19.64540595 73
14.4922 19.69855271 74
14.5313 19.72897257 73
14.5703 19.71371592 73
14.6094 19.74387442 73
14.6484 19.79658097 73
14.6875 19.91809868 73
14.7266 20.01716139 73
14.7656 20.11643875 73
14.8047 20.10016448 73
14.8438 20.06065431 73
14.8828 20.09021783 72
14.9219 20.18943313 72
14.9609 20.26551851 72
15.0000 20.29510297 72
15.0391 20.30120642 72
15.0781 20.30703977 72
15.1172 20.33627279 72
15.1563 20.38887170 72
15.1953 20.41781567 72
15.2344 20.47035406 72
15.2734 20.47555705 72
15.3125 20.45719579 72
15.3516 20.39170999 72
15.3906 20.41999122 72
15.4297 20.44831290 71
15.4688 20.45298145 71
15.5078 20.43384955 72
15.5469 20.39124793 72
15.5859 20.32506230 72
15.6250 20.28243188 71
15.6641 20.21647565 71
15.7031 20.15048002 71
15.7422 20.03851000 71
15.7813 19.90411058 71
15.8203 19.81594165 71
15.8594 19.70546796 71
15.8984 19.57282078 71
15.9375 19.39635829 71
15.9766 19.19925435 71
16.0156 18.98205439 71
16.0547 18.78893633 71
16.0938 18.57627364 71
16.1328 18.34466350 71
16.1719 18.11594724 70
16.2109 17.84872206 70
16.2500 17.58544511 70
16.2891 17.28610272 70
16.3281 16.99165383 70
16.3672 16.74072990 70
16.4063 16.32340096 70
16.4453 16.02661486 70
16.4844 15.57303086 70
16.5234 15.25455055 70
16.5625 14.83972631 70
16.6016 14.50273615 70
16.6406 14.12436660 70
16.6797 13.69267295 70
16.7188 13.30470050 69
16.7578 12.89784053 70
16.7969 12.48904230 70
16.8359 12.05136770 70
16.8750 11.57560721 70
16.9141 11.19563920 70
16.9531 10.75348228 70
16.9922 10.28133739 70
17.0313 9.78470640 69
17.0703 9.34417909 69
17.1094 9.00605883 71
17.1484 8.62032432 71
17.1875 8.25111635 71
17.2266 7.78932043 69
17.2656 7.38723092 69
17.3047 6.98978914 69
17.3438 6.63657882 69
17.3828 6.25777197 69
17.4219 5.88702007 68
17.4609 5.53180198 68
17.5000 5.21600560 68
17.5391 4.88998249 68
17.5781 4.60014934 68
17.6172 4.29770780 68
17.6563 3.99668296 68
17.6953 3.70388872 69
17.7344 3.43650120 69
17.7734 3.20310013 69
17.8125 2.95818191 68
17.8516 2.72883419 68
17.8906 2.52304447 68
17.9297 2.33009175 68
17.9688 2.12480498 68
18.0078 1.92868214 67
18.0469 1.75066324 67
18.0859 1.59639414 68
18.1250 1.46919017 68
18.1641 1.33049695 68
18.2031 1.21044582 68
18.2422 1.07368581 68
18.2813 0.96229244 67
18.3203 0.85848474 68
18.3594 0.76941116 67
18.3984 0.68482571 68
18.4375 0.60325653 68
18.4766 0.53817319 68
18.5156 0.47680169 68
18.5547 0.42145765 68
18.5938 0.36742454 68
18.6328 0.31884391 67
18.6719 0.27351964 68
18.7109 0.23707987 67
18.7500 0.20337674 69
18.7891 0.17893940 68
18.8281 0.15314630 68
18.8672 0.13489860 66
18.9063 0.11308540 65
18.9453 0.09589622 64
18.9844 0.07828830 65
19.0234 0.06631139 65
19.0625 0.05457325 66
19.1016 0.04353813 68
19.1406 0.03554312 69
19.1797 0.02793456 75
19.2188 0.02396218 73
19.2578 0.01907246 72
19.2969 0.01626625 65
19.3359 0.01288737 65
19.3750 0.01047229 66
19.4141 0.00807081 67
19.4531 0.00629925 67
19.4922 0.00446849 66
19.5313 0.00342398 61
19.5703 0.00256388 60
19.6094 0.00187398 60
19.6484 0.00133238 63
19.6875 0.00094295 64
19.7266 0.00067275 67
19.7656 0.00047012 67
19.8047 0.00031994 73
19.8438 0.00016536 91
19.8828 0.00009689 95
19.9219 0.00004744 100
19.9609 0.00007726 84
STA_LIST LPAZ
CHAN_LIST BHE
CALIBRATION_RESULT
CALIB 2.17900000e-02
CALPER 1
IN_SPEC Yes
DATA_TYPE RESPONSE IMS2.0
CAL2 LPAZ BHE 54000 2.10000000e-02 1.000 40.00000 2019/01/30 03:36 2019/01/30 04:09
FAP2 1 C 0.000 999
0.0195 0.01534739 102
0.0391 0.03712588 105
0.0586 0.05746423 101
0.0781 0.07693980 97
0.0977 0.09691580 95
0.1172 0.11652728 93
0.1367 0.13908123 93
0.1563 0.15975666 91
0.1758 0.18260761 89
0.1953 0.19893090 88
0.2148 0.21778817 88
0.2344 0.23413029 88
0.2539 0.25331605 87
0.2734 0.27245734 86
0.2930 0.29198976 86
0.3125 0.31250000 86
0.3320 0.33161799 85
0.3516 0.35119544 85
0.3711 0.37067300 84
0.3906 0.39104995 84
0.4102 0.41020000 83
0.4297 0.42970000 83
0.4492 0.44920000 82
0.4688 0.46934004 82
0.4883 0.48942565 81
0.5078 0.50955691 81
0.5273 0.52851555 81
0.5469 0.54753000 80
0.5664 0.56640000 80
0.5859 0.58590000 79
0.6055 0.60480329 79
0.6250 0.62500000 79
0.6445 0.64450000 78
0.6641 0.66410000 78
0.6836 0.68281343 77
0.7031 0.70310000 77
0.7227 0.72353252 77
0.7422 0.74305498 76
0.7617 0.76257744 76
0.7813 0.78220002 75
0.8008 0.80172249 75
0.8203 0.82124495 74
0.8398 0.84076741 74
0.8594 0.86038999 74
0.8789 0.88092607 73
0.8984 0.89943492 73
0.9180 0.92011621 72
0.9375 0.93857996 72
0.9570 0.95700000 72
0.9766 0.97660000 71
0.9961 0.99610000 71
1.0156 1.01560000 71
1.0352 1.03400887 70
1.0547 1.05348643 70
1.0742 1.07420000 69
1.0938 1.09380000 69
1.1133 1.11330000 69
1.1328 1.13280000 68
1.1523 1.15230000 68
1.1719 1.17190000 67
1.1914 1.19140000 67
1.2109 1.21090000 67
1.2305 1.23050000 66
1.2500 1.25000000 66
1.2695 1.26950000 65
1.2891 1.29058499 65
1.3086 1.30709429 65
1.3281 1.32657185 64
1.3477 1.34460038 64
1.3672 1.36562686 63
1.3867 1.38351068 63
1.4063 1.40306560 63
1.4258 1.42252075 62
1.4453 1.44363699 62
1.4648 1.46311456 61
1.4844 1.48098597 61
1.5039 1.50044113 61
1.5234 1.51989628 60
1.5430 1.54122458 60
1.5625 1.56070214 59
1.5820 1.57836150 59
1.6016 1.59791642 59
1.6211 1.62296744 58
1.6406 1.64248990 58
1.6602 1.66211248 57
1.6797 1.67583680 57
1.6992 1.69334129 57
1.7188 1.71287372 56
1.7383 1.73031324 56
1.7578 1.74972364 55
1.7773 1.77117201 55
1.7969 1.79276724 55
1.8164 1.81013720 54
1.8359 1.82956996 54
1.8555 1.84910238 53
1.8750 1.86423764 53
1.8945 1.88362571 53
1.9141 1.90311321 52
1.9336 1.92471591 52
1.9531 1.94188935 51
1.9727 1.96137685 51
1.9922 1.98076492 51
2.0117 2.00015299 50
2.0313 2.01964049 50
2.0508 2.03668239 49
2.0703 2.05604816 49
2.0898 2.07780470 48
2.1094 2.09729220 48
2.1289 2.11668027 48
2.1484 2.13361052 47
2.1680 2.15059820 47
2.1875 2.16744488 46
2.2070 2.18676610 46
2.2266 2.20618641 45
2.2461 2.22550763 45
2.2656 2.24224589 45
2.2852 2.26164385 44
2.3047 2.27831832 44
2.3242 2.29759510 43
2.3438 2.31963979 43
2.3633 2.33624753 43
2.3828 2.35552431 42
2.4023 2.36933921 42
2.4219 2.38592181 41
2.4414 2.40236471 41
2.4609 2.42155293 40
2.4805 2.44083955 40
2.5000 2.46286161 40
2.5195 2.47921598 39
2.5391 2.49850260 39
2.5586 2.51190029 38
2.5781 2.53396002 38
2.5977 2.55028663 37
2.6172 2.57239059 37
2.6367 2.58559631 37
2.6563 2.60181925 36
2.6758 2.61790359 36
2.6953 2.63698167 35
2.7148 2.65300361 35
2.7344 2.67215746 35
2.7539 2.68811699 34
2.7734 2.70715119 34
2.7930 2.72314606 33
2.8125 2.73585157 33
2.8320 2.75482014 32
2.8516 2.77388598 32
2.8711 2.79285455 31
2.8906 2.80858776 31
2.9102 2.82437811 30
2.9297 2.84985754 30
2.9492 2.86552515 29
2.9688 2.88124999 29
2.9883 2.88684984 29
3.0078 2.90234446 28
3.0273 2.92116078 28
3.0469 2.93669065 27
3.0664 2.95208465 27
3.0859 2.97085769 26
3.1055 2.98285082 26
3.1250 3.00158068 26
3.1445 3.02031055 25
3.1641 3.03563954 25
3.1836 3.05083343 24
3.2031 3.06246051 24
3.2227 3.08119993 23
3.2422 3.09271429 23
3.2617 3.10415939 22
3.2813 3.11921951 22
3.3008 3.13053966 21
3.3203 3.14903382 21
3.3398 3.16388333 21
3.3594 3.17878912 20
3.3789 3.19356190 20
3.3984 3.20829648 19
3.4180 3.22308722 19
3.4375 3.23402004 18
3.4570 3.24488552 18
3.4766 3.25952807 17
3.4961 3.27781053 17
3.5156 3.29230041 17
3.5352 3.30684614 16
3.5547 3.31743906 16
3.5742 3.32413651 15
3.5938 3.33467800 15
3.6133 3.34891420 14
3.6328 3.36698738 14
3.6523 3.37338915 13
3.6719 3.38369216 13
3.6914 3.39774755 12
3.7109 3.41176611 12
3.7305 3.42583975 12
3.7500 3.43978476 11
3.7695 3.45369314 11
3.7891 3.46765647 10
3.8086 3.47348448 10
3.8281 3.48323900 9
3.8477 3.49302105 9
3.8672 3.50668401 8
3.8867 3.51626032 8
3.9063 3.52586430 7
3.9258 3.53531545 7
3.9453 3.54878781 6
3.9648 3.55812568 6
3.9844 3.57160096 6
4.0039 3.57670583 5
4.0234 3.58585902 5
4.0430 3.59504012 4
4.0625 3.59578216 4
4.0820 3.60473215 3
4.1016 3.61371006 3
4.1211 3.63089051 2
4.1406 3.64387338 2
4.1602 3.64849882 1
4.1797 3.65716969 1
4.1992 3.66578137 1
4.2188 3.68289161 0
4.2383 3.69140498 0
4.2578 3.69560255 0
4.2773 3.69972728 0
4.2969 3.70813252 -1
4.3164 3.71639343 -1
4.3359 3.72459673 -2
4.3555 3.72853323 -2
4.3750 3.73661246 -3
4.3945 3.74463480 -3
4.4141 3.74836753 -4
4.4336 3.75626746 -4
4.4531 3.75978013 -5
4.4727 3.76330805 -5
4.4922 3.76668310 -5
4.5117 3.77433300 -6
4.5313 3.77765955 -6
4.5508 3.78519057 -7
4.5703 3.78830301 -7
4.5898 3.79134898 -8
4.6094 3.79878223 -8
4.6289 3.80607900 -9
4.6484 3.80893440 -9
4.6680 3.80742053 -10
4.6875 3.81453216 -10
4.7070 3.81719370 -10
4.7266 3.82427268 -11
4.7461 3.82680986 -11
4.7656 3.82928409 -12
4.7852 3.83177583 -12
4.8047 3.83412507 -13
4.8242 3.83641256 -13
4.8438 3.83871794 -13
4.8633 3.84088285 -14
4.8828 3.84298718 -14
4.9023 3.84060714 -15
4.9219 3.84266731 -15
4.9414 3.84901861 -16
4.9609 3.85532037 -16
4.9805 3.84833565 -17
5.0000 3.84565220 -17
5.0195 3.84291217 -17
5.0391 3.85347883 -18
5.0586 3.85505288 -18
5.0781 3.85213278 -19
5.0977 3.85366779 -19
5.1172 3.85507109 -20
5.1367 3.86086132 -20
5.1563 3.85778640 -21
5.1758 3.85902406 -21
5.1953 3.86020733 -21
5.2148 3.85689359 -22
5.2344 3.85804161 -22
5.2539 3.85906241 -23
5.2734 3.86003031 -23
5.2930 3.85657600 -24
5.3125 3.85299941 -24
5.3320 3.85380859 -24
5.3516 3.84577299 -25
5.3711 3.84647787 -25
5.3906 3.84713217 -26
5.4102 3.84780735 -26
5.4297 3.84836127 -26
5.4492 3.84886562 -27
5.4688 3.84496190 -27
5.4883 3.84094283 -28
5.5078 3.83687951 -28
5.5273 3.83718764 -29
5.5469 3.82869117 -29
5.5664 3.83331414 -29
5.5859 3.82906868 -30
5.6055 3.82044856 -30
5.6250 3.81612443 -31
5.6445 3.81615035 -31
5.6641 3.81619811 -31
5.6836 3.81174207 -32
5.7031 3.81163220 -32
5.7227 3.80715869 -33
5.7422 3.80257961 -33
5.7617 3.79796223 -33
5.7813 3.78900786 -34
5.8008 3.78867971 -34
5.8203 3.78394984 -35
5.8398 3.77918345 -35
5.8594 3.77010240 -35
5.8789 3.77394940 -36
5.8984 3.76907015 -36
5.9180 3.76855589 -36
5.9375 3.75927090 -37
5.9570 3.74996833 -37
5.9766 3.74502042 -38
5.9961 3.73997645 -38
6.0156 3.73920220 -38
6.0352 3.73414920 -39
6.0547 3.73329776 -39
6.0742 3.72811317 -40
6.0938 3.72295851 -40
6.1133 3.71343399 -40
6.1328 3.70389615 -41
6.1523 3.69860119 -41
6.1719 3.68908686 -41
6.1914 3.68373909 -42
6.2109 3.67413015 -42
6.2305 3.66879039 -42
6.2500 3.66758356 -43
6.2695 3.66212283 -43
6.2891 3.64828284 -44
6.3086 3.64278040 -44
6.3281 3.63725152 -44
6.3477 3.63593737 -45
6.3672 3.63034995 -45
6.3867 3.62056640 -45
6.4063 3.61499143 -46
6.4258 3.60933509 -46
6.4453 3.60365442 -46
6.4648 3.59380984 -47
6.4844 3.58401482 -47
6.5039 3.57415889 -47
6.5234 3.56840393 -48
6.5430 3.55858153 -48
6.5625 3.55278819 -48
6.5820 3.54697296 -49
6.6016 3.54118981 -49
6.6211 3.53533154 -49
6.6406 3.52945233 -50
6.6602 3.52766447 -50
6.6797 3.51768509 -50
6.6992 3.51174476 -51
6.7188 3.50180302 -51
6.7383 3.48779012 -51
6.7578 3.48181213 -52
6.7773 3.46782130 -52
6.7969 3.46585892 -52
6.8164 3.45983245 -53
6.8359 3.45776681 -53
6.8555 3.45174842 -53
6.8750 3.44169755 -54
6.8945 3.43560144 -54
6.9141 3.42559216 -54
6.9336 3.42340896 -55
6.9531 3.42120010 -55
6.9727 3.41115128 -55
6.9922 3.40105646 -55
7.0117 3.38316615 -56
7.0313 3.37314980 -56
7.0508 3.37084199 -57
7.0703 3.36076265 -57
7.0898 3.35454780 -57
7.1094 3.34836620 -57
7.1289 3.33827817 -58
7.1484 3.32819563 -58
7.1680 3.32198752 -58
7.1875 3.31190490 -59
7.2070 3.31325241 -59
7.2266 3.30319351 -59
7.2461 3.29309548 -59
7.2656 3.28300455 -60
7.2852 3.27673620 -60
7.3047 3.27041137 -60
7.3242 3.25656833 -61
7.3438 3.24654062 -61
7.3633 3.24020505 -61
7.3828 3.23385917 -62
7.4023 3.23122114 -62
7.4219 3.22489143 -62
7.4414 3.21480511 -62
7.4609 3.20472833 -63
7.4805 3.19470401 -63
7.5000 3.18464673 -63
7.5195 3.17825664 -64
7.5391 3.17190012 -64
7.5586 3.16185073 -64
7.5781 3.15181220 -64
7.5977 3.14182609 -65
7.6172 3.13541736 -65
7.6367 3.13260567 -65
7.6563 3.12261860 -66
7.6758 3.11260242 -66
7.6953 3.10617239 -66
7.7148 3.09616910 -66
7.7344 3.08977339 -67
7.7539 3.07978356 -67
7.7734 3.07334288 -67
7.7930 3.06340683 -67
7.8125 3.06048341 -68
7.8320 3.05051159 -68
7.8516 3.04059212 -68
7.8711 3.03064753 -68
7.8906 3.02071692 -69
7.9102 3.01083852 -69
7.9297 3.00439311 -69
7.9492 2.99449384 -69
7.9688 2.98808486 -70
7.9883 2.98163424 -70
8.0078 2.97175648 -70
8.0273 2.96530585 -70
8.0469 2.95888853 -71
8.0664 2.95243098 -71
8.0859 2.94258059 -71
8.1055 2.93278219 -71
8.1250 2.92296335 -72
8.1445 2.91316060 -72
8.1641 2.90340965 -72
8.1836 2.89363930 -72
8.2031 2.89053349 -73
8.2227 2.88080887 -73
8.2422 2.87106582 -73
8.2617 2.86463584 -73
8.2813 2.85823885 -74
8.3008 2.85180581 -74
8.3203 2.84537156 -74
8.3398 2.83893622 -74
8.3594 2.83253384 -75
8.3789 2.82284484 -75
8.3984 2.80993682 -75
8.4180 2.80355397 -75
8.4375 2.79391884 -75
8.4570 2.78750934 -76
8.4766 2.77793251 -76
8.4961 2.77153020 -76
8.5156 2.76512809 -76
8.5352 2.75558430 -77
8.5547 2.74919018 -77
8.5742 2.73964070 -77
8.5938 2.73328704 -77
8.6133 2.72690227 -78
8.6328 2.72051847 -78
8.6523 2.71413577 -78
8.6719 2.70466986 -78
8.6914 2.69829692 -78
8.7109 2.69192545 -79
8.7305 2.68249621 -79
8.7500 2.67305597 -79
8.7695 2.66670412 -79
8.7891 2.65732336 -79
8.8086 2.65403649 -80
8.8281 2.64769066 -80
8.8477 2.64137698 -80
8.8672 2.63503570 -80
8.8867 2.62869694 -81
8.9063 2.61937284 -81
8.9258 2.60703674 -81
8.9453 2.60072786 -81
8.9648 2.59143670 -81
8.9844 2.58814783 -82
9.0039 2.57887720 -82
9.0234 2.57258782 -82
9.0430 2.56337728 -82
9.0625 2.55710181 -82
9.0820 2.55082989 -83
9.1016 2.54458958 -83
9.1211 2.53248696 -83
9.1406 2.52333380 -83
9.1602 2.51422972 -83
9.1797 2.51089463 -84
9.1992 2.50466739 -84
9.2188 2.49847146 -84
9.2383 2.49225262 -84
9.2578 2.48603818 -84
9.2773 2.47697487 -85
9.2969 2.46796024 -85
9.3164 2.46177369 -85
9.3359 2.45559189 -85
9.3555 2.45226276 -85
9.3750 2.44608349 -85
9.3945 2.43990923 -86
9.4141 2.43376593 -86
9.4336 2.42201851 -86
9.4531 2.41587385 -86
9.4727 2.40698721 -87
9.4922 2.39809774 -87
9.5117 2.39198330 -87
9.5313 2.38589946 -87
9.5508 2.37979611 -87
9.5703 2.37369848 -87
9.5898 2.36488240 -88
9.6094 2.36154525 -88
9.6289 2.35546511 -88
9.6484 2.34939100 -88
9.6680 2.34334721 -88
9.6875 2.33459588 -88
9.7070 2.32854711 -89
9.7266 2.32252852 -89
9.7461 2.31649231 -89
9.7656 2.31046254 -89
9.7852 2.30181124 -89
9.8047 2.29580137 -90
9.8242 2.28716341 -90
9.8438 2.28119695 -90
9.8633 2.27521395 -90
9.8828 2.26662673 -90
9.9023 2.26326850 -90
9.9219 2.25473157 -91
9.9414 2.24878299 -91
9.9609 2.24284148 -91
9.9805 2.24208617 -91
10.0000 2.23614520 -91
10.0195 2.22764534 -91
10.0391 2.21919150 -92
10.0586 2.21328601 -92
10.0781 2.20738793 -92
10.0977 2.20151913 -92
10.1172 2.19310960 -92
10.1367 2.18472407 -93
10.1563 2.18140106 -93
10.1758 2.17554746 -93
10.1953 2.16970160 -93
10.2148 2.16386353 -93
10.2344 2.15557127 -93
10.2539 2.14975554 -93
10.2734 2.14394775 -94
10.2930 2.14063180 -94
10.3125 2.13483327 -94
10.3320 2.12904283 -94
10.3516 2.12083793 -94
10.3711 2.11507037 -94
10.3906 2.10931104 -95
10.4102 2.10600343 -95
10.4297 2.10025398 -95
10.4492 2.09210290 -95
10.4688 2.08639678 -95
10.4883 2.08067908 -95
10.5078 2.07496989 -96
10.5273 2.07165293 -96
10.5469 2.06359672 -96
10.5664 2.05791317 -96
10.5859 2.05223829 -96
10.6055 2.04659142 -96
10.6250 2.04328496 -96
10.6445 2.03528516 -97
10.6641 2.02966428 -97
10.6836 2.02403314 -97
10.7031 2.02073602 -97
10.7227 2.01513504 -97
10.7422 2.00952417 -97
10.7617 2.00161654 -97
10.7813 1.99604869 -98
10.8008 1.99047132 -98
10.8203 1.98718958 -98
10.8398 1.98162407 -98
10.8594 1.97608595 -98
10.8789 1.96827141 -98
10.8984 1.96273987 -98
10.9180 1.95949017 -99
10.9375 1.95847515 -99
10.9570 1.95070529 -99
10.9766 1.94297780 -99
10.9961 1.93748648 -99
11.0156 1.93200461 -99
11.0352 1.92876896 -99
11.0547 1.92108668 -100
11.0742 1.91563323 -100
11.0938 1.91020656 -100
11.1133 1.90477217 -100
11.1328 1.90153537 -100
11.1523 1.89829823 -100
11.1719 1.89289725 -101
11.1914 1.88748895 -101
11.2109 1.87992481 -101
11.2305 1.87455891 -101
11.2500 1.87133923 -101
11.2695 1.86811947 -101
11.2891 1.86491619 -101
11.3086 1.85955421 -101
11.3281 1.85206862 -102
11.3477 1.84250148 -102
11.3672 1.83718758 -102
11.3867 1.83188362 -102
11.4063 1.83081638 -102
11.4258 1.82341960 -102
11.4453 1.82023383 -102
11.4648 1.81286925 -103
11.4844 1.80970718 -103
11.5039 1.80445102 -103
11.5234 1.80127755 -103
11.5430 1.79605113 -103
11.5625 1.79288216 -103
11.5820 1.78971369 -103
11.6016 1.78450549 -103
11.6211 1.77929205 -104
11.6406 1.77408885 -104
11.6602 1.76891107 -104
11.6797 1.76372832 -104
11.6992 1.75855585 -104
11.7188 1.75542849 -104
11.7383 1.75027063 -104
11.7578 1.74713341 -104
11.7773 1.73998594 -105
11.7969 1.73687234 -105
11.8164 1.73574205 -105
11.8359 1.73261188 -105
11.8555 1.72750723 -105
11.8750 1.72041658 -105
11.8945 1.71532410 -105
11.9141 1.71222661 -105
11.9336 1.70714919 -106
11.9531 1.70208229 -106
11.9727 1.69704008 -106
11.9922 1.69394327 -106
12.0117 1.69084764 -106
12.0313 1.68582526 -106
12.0508 1.68079938 -106
12.0703 1.67578410 -107
12.0898 1.67077942 -107
12.1094 1.66579911 -107
12.1289 1.66272879 -107
12.1484 1.65775018 -107
12.1680 1.65469975 -107
12.1875 1.64973667 -107
12.2070 1.64478427 -107
12.2266 1.63985597 -107
12.2461 1.63680824 -108
12.2656 1.63376203 -108
12.2852 1.62885427 -108
12.3047 1.62581464 -108
12.3242 1.62090939 -108
12.3438 1.61602798 -108
12.3633 1.61300015 -108
12.3828 1.60997399 -108
12.4023 1.60694951 -108
12.4219 1.60025071 -109
12.4414 1.59539877 -109
12.4609 1.59238989 -109
12.4805 1.58756671 -109
12.5000 1.58456483 -109
12.5195 1.57974498 -109
12.5391 1.57494853 -109
12.5586 1.56834364 -109
12.5781 1.56716615 -110
12.5977 1.56419633 -110
12.6172 1.55941960 -110
12.6367 1.55286491 -110
12.6563 1.54991100 -110
12.6758 1.54694680 -110
12.6953 1.54576322 -110
12.7148 1.54102446 -110
12.7344 1.53630869 -110
12.7539 1.53159171 -110
12.7734 1.52864455 -111
12.7930 1.52571143 -111
12.8125 1.52101634 -111
12.8320 1.51633218 -111
12.8516 1.51341209 -111
12.8711 1.51048238 -111
12.8906 1.50582025 -111
12.9102 1.49945339 -111
12.9297 1.49481845 -111
12.9492 1.49019444 -112
12.9688 1.48901747 -112
12.9883 1.48611464 -112
13.0078 1.48321412 -112
13.0273 1.47861264 -112
13.0469 1.47743143 -112
13.0664 1.47284128 -112
13.0859 1.46826213 -112
13.1055 1.46370513 -112
13.1250 1.46082877 -113
13.1445 1.45627727 -113
13.1641 1.45342014 -113
13.1836 1.45055439 -113
13.2031 1.44769113 -113
13.2227 1.44317881 -113
13.2422 1.43866654 -113
13.2617 1.43416526 -113
13.2813 1.43133268 -113
13.3008 1.42849184 -113
13.3203 1.42565357 -113
13.3398 1.42281789 -114
13.3594 1.41999545 -114
13.3789 1.41553433 -114
13.3984 1.41108423 -114
13.4180 1.40827603 -114
13.4375 1.40545996 -114
13.4570 1.40264656 -114
13.4766 1.39823554 -114
13.4961 1.39543075 -114
13.5156 1.39102626 -115
13.5352 1.38824040 -115
13.5547 1.38544698 -115
13.5742 1.38265632 -115
13.5938 1.37829086 -115
13.6133 1.37550893 -115
13.6328 1.37115030 -115
13.6523 1.36680268 -115
13.6719 1.36247604 -115
13.6914 1.35815038 -115
13.7109 1.35695662 -116
13.7305 1.35421105 -116
13.7500 1.35301527 -116
13.7695 1.35181783 -116
13.7891 1.34907446 -116
13.8086 1.34477507 -116
13.8281 1.34203089 -116
13.8477 1.33775828 -116
13.8672 1.33348698 -116
13.8867 1.33075790 -116
13.9063 1.32804134 -117
13.9258 1.32531817 -117
13.9453 1.32107618 -117
13.9648 1.31684519 -117
13.9844 1.31263457 -117
14.0039 1.31144174 -117
14.0234 1.30723396 -117
14.0430 1.30605028 -117
14.0625 1.30185476 -117
14.0820 1.29916508 -117
14.1016 1.29499589 -117
14.1211 1.29082845 -117
14.1406 1.28815415 -118
14.1602 1.28697286 -118
14.1797 1.28430166 -118
14.1992 1.28163358 -118
14.2188 1.27750599 -118
14.2383 1.27484721 -118
14.2578 1.27219158 -118
14.2773 1.26807834 -118
14.2969 1.26544094 -118
14.3164 1.26279782 -118
14.3359 1.25870791 -118
14.3555 1.25752991 -119
14.3750 1.25345242 -119
14.3945 1.25082509 -119
14.4141 1.24820964 -119
14.4336 1.24415550 -119
14.4531 1.24154083 -119
14.4727 1.23893796 -119
14.4922 1.23775394 -119
14.5117 1.23372479 -119
14.5313 1.23113157 -119
14.5508 1.22711954 -120
14.5703 1.22452736 -120
14.5898 1.22193847 -120
14.6094 1.21936122 -120
14.6289 1.21677890 -120
14.6484 1.21419989 -120
14.6680 1.21163246 -120
14.6875 1.20766889 -120
14.7070 1.20371616 -120
14.7266 1.20116451 -120
14.7461 1.19998875 -120
14.7656 1.19743266 -120
14.7852 1.19351314 -120
14.8047 1.19233862 -121
14.8242 1.18979261 -121
14.8438 1.18862564 -121
14.8633 1.18608344 -121
14.8828 1.18218283 -121
14.9023 1.17965035 -121
14.9219 1.17577474 -121
14.9414 1.17190199 -121
14.9609 1.16938554 -121
14.9805 1.16688030 -121
15.0000 1.16437067 -121
15.0195 1.16186448 -122
15.0391 1.15936944 -122
15.0586 1.15687010 -122
15.0781 1.15304596 -122
15.0977 1.15056403 -122
15.1172 1.14807790 -122
15.1367 1.14427709 -122
15.1563 1.14180829 -122
15.1758 1.13802445 -122
15.1953 1.13555789 -122
15.2148 1.13309480 -122
15.2344 1.12934167 -122
15.2539 1.12688837 -122
15.2734 1.12314474 -123
15.2930 1.11941904 -123
15.3125 1.11569658 -123
15.3320 1.11326565 -123
15.3516 1.10956729 -123
15.3711 1.10587222 -123
15.3906 1.10218768 -123
15.4102 1.09725679 -123
15.4297 1.09359743 -123
15.4492 1.08994854 -123
15.4688 1.08506717 -123
15.4883 1.08019895 -123
15.5078 1.07658963 -124
15.5273 1.07299067 -124
15.5469 1.06817843 -124
15.5664 1.06337926 -124
15.5859 1.05981945 -124
15.6055 1.05506129 -124
15.6250 1.04910758 -124
15.6445 1.04438755 -124
15.6641 1.03849748 -124
15.6836 1.03382197 -124
15.7031 1.02798173 -124
15.7227 1.02335691 -124
15.7422 1.01757265 -124
15.7617 1.01181953 -124
15.7813 1.00378979 -125
15.8008 0.99696308 -125
15.8203 0.99132193 -125
15.8398 0.98571121 -125
15.8594 0.97900915 -125
15.8789 0.97234506 -125
15.8984 0.96683735 -125
15.9180 0.95915435 -125
15.9375 0.95262110 -125
15.9570 0.94504229 -125
15.9766 0.93860824 -125
15.9961 0.93113813 -125
16.0156 0.92054116 -125
16.0352 0.91321783 -125
16.0547 0.90490335 -126
16.0742 0.89873027 -126
16.0938 0.89055060 -126
16.1133 0.88142323 -126
16.1328 0.87339309 -126
16.1523 0.86543484 -126
16.1719 0.85656642 -126
16.1914 0.84583257 -126
16.2109 0.83715741 -126
16.2305 0.82952962 -126
16.2500 0.82007461 -126
16.2695 0.80979335 -126
16.2891 0.79872465 -126
16.3086 0.78961735 -127
16.3281 0.78151200 -127
16.3477 0.77260348 -127
16.3672 0.76291190 -127
16.3867 0.75334082 -127
16.4063 0.74218240 -127
16.4258 0.73118375 -127
16.4453 0.72034708 -127
16.4648 0.71212537 -127
16.4844 0.70157345 -127
16.5039 0.69117271 -127
16.5234 0.68014172 -127
16.5430 0.67006089 -127
16.5625 0.65936500 -127
16.5820 0.64958638 -128
16.6016 0.63921940 -128
16.6211 0.62756651 -128
16.6406 0.61612521 -128
16.6602 0.60559211 -128
16.6797 0.59454980 -128
16.6992 0.58370803 -128
16.7188 0.57306661 -128
16.7383 0.56326316 -128
16.7578 0.55298965 -128
16.7773 0.54103090 -128
16.7969 0.53055344 -128
16.8164 0.52027509 -128
16.8359 0.50843605 -128
16.8555 0.49858779 -129
16.8750 0.48836416 -129
16.8945 0.47890056 -129
16.9141 0.46746478 -129
16.9336 0.45629877 -129
16.9531 0.44642563 -129
16.9727 0.43576358 -129
16.9922 0.42535311 -129
17.0117 0.41519079 -129
17.0313 0.40667530 -129
17.0508 0.39741546 -129
17.0703 0.38791909 -129
17.0898 0.37734359 -129
17.1094 0.36790423 -130
17.1289 0.35622917 -130
17.1484 0.34691542 -129
17.1680 0.33784672 -129
17.1875 0.33015107 -130
17.2070 0.32151790 -130
17.2266 0.31203231 -130
17.2461 0.30387215 -130
17.2656 0.29422643 -130
17.2852 0.28587384 -130
17.3047 0.27679872 -130
17.3242 0.26986912 -130
17.3438 0.26100225 -130
17.3633 0.25300684 -130
17.3828 0.24384830 -130
17.4023 0.23692269 -130
17.4219 0.22913716 -130
17.4414 0.22135093 -131
17.4609 0.21432194 -131
17.4805 0.20727831 -131
17.5000 0.20000371 -131
17.5195 0.19276213 -131
17.5391 0.18621185 -131
17.5586 0.18029757 -131
17.5781 0.17477203 -131
17.5977 0.16767021 -131
17.6172 0.16141240 -131
17.6367 0.15485218 -131
17.6563 0.14890171 -131
17.6758 0.14334385 -131
17.6953 0.13720121 -131
17.7148 0.13238423 -131
17.7344 0.12744315 -131
17.7539 0.12254448 -132
17.7734 0.11756296 -132
17.7930 0.11213706 -132
17.8125 0.10745457 -131
17.8320 0.10261245 -131
17.8516 0.09832799 -131
17.8711 0.09443898 -132
17.8906 0.09028693 -132
17.9102 0.08661646 -132
17.9297 0.08271286 -132
17.9492 0.07916717 -132
17.9688 0.07525218 -132
17.9883 0.07235859 -132
18.0078 0.06885899 -132
18.0273 0.06567963 -132
18.0469 0.06200156 -133
18.0664 0.05907063 -133
18.0859 0.05621344 -133
18.1055 0.05306529 -133
18.1250 0.05055662 -133
18.1445 0.04805571 -133
18.1641 0.04594242 -133
18.1836 0.04341901 -133
18.2031 0.04089266 -133
18.2227 0.03855784 -133
18.2422 0.03681944 -133
18.2617 0.03491734 -133
18.2813 0.03296151 -133
18.3008 0.03079428 -133
18.3203 0.02896894 -134
18.3398 0.02718909 -134
18.3594 0.02566602 -133
18.3789 0.02420023 -133
18.3984 0.02276565 -133
18.4180 0.02139156 -133
18.4375 0.02012343 -133
18.4570 0.01897410 -133
18.4766 0.01784934 -133
18.4961 0.01671399 -134
18.5156 0.01561485 -134
18.5352 0.01462168 -134
18.5547 0.01369159 -134
18.5742 0.01276175 -134
18.5938 0.01188141 -135
18.6133 0.01103630 -134
18.6328 0.01029860 -134
18.6523 0.00967681 -134
18.6719 0.00901963 -134
18.6914 0.00841670 -134
18.7109 0.00771072 -134
18.7305 0.00715401 -134
18.7500 0.00657660 -135
18.7695 0.00606670 -135
18.7891 0.00557707 -134
18.8086 0.00520423 -134
18.8281 0.00482288 -134
18.8477 0.00446435 -135
18.8672 0.00409928 -135
18.8867 0.00376839 -135
18.9063 0.00344831 -135
18.9258 0.00315903 -135
18.9453 0.00288072 -135
18.9648 0.00263602 -135
18.9844 0.00241489 -135
19.0039 0.00220975 -135
19.0234 0.00202436 -136
19.0430 0.00183753 -136
19.0625 0.00167950 -136
19.0820 0.00152098 -135
19.1016 0.00136952 -135
19.1211 0.00123456 -134
19.1406 0.00110779 -134
19.1602 0.00100207 -135
19.1797 0.00089814 -136
19.1992 0.00081430 -136
19.2188 0.00073321 -136
19.2383 0.00065867 -137
19.2578 0.00058225 -136
19.2773 0.00052245 -137
19.2969 0.00046557 -137
19.3164 0.00041536 -137
19.3359 0.00036717 -137
19.3555 0.00032569 -136
19.3750 0.00028990 -137
19.3945 0.00025715 -136
19.4141 0.00023287 -137
19.4336 0.00020001 -134
19.4531 0.00018092 -134
19.4727 0.00015938 -134
19.4922 0.00014651 -134
19.5117 0.00011636 -133
STA_LIST LPAZ
CHAN_LIST BHN
CALIBRATION_RESULT
CALIB 2.14399990e-02
CALPER 1
IN_SPEC Yes
DATA_TYPE RESPONSE IMS2.0
CAL2 LPAZ BHN 54000 2.10000000e-02 1.000 40.00000 2019/01/30 03:02 2019/01/30 03:35
FAP2 1 C 0.000 999
0.0195 0.01514030 102
0.0391 0.03713443 105
0.0586 0.05780929 101
0.0781 0.07811799 96
0.0977 0.09783507 94
0.1172 0.11749723 93
0.1367 0.13799664 91
0.1563 0.15814628 89
0.1758 0.17584048 88
0.1953 0.19288668 88
0.2148 0.21337045 88
0.2344 0.23472406 87
0.2539 0.25513069 87
0.2734 0.27377798 87
0.2930 0.29374306 86
0.3125 0.31329252 86
0.3320 0.33245899 85
0.3516 0.35168097 85
0.3711 0.37075836 84
0.3906 0.39114001 84
0.4102 0.41076710 83
0.4297 0.43029406 83
0.4492 0.44982102 82
0.4688 0.46998890 82
0.4883 0.48953836 81
0.5078 0.50908781 81
0.5273 0.52924623 80
0.5469 0.54765609 80
0.5664 0.56718305 80
0.5859 0.58671001 79
0.6055 0.60563944 79
0.6250 0.62586407 78
0.6445 0.64539103 78
0.6641 0.66501812 77
0.6836 0.68454508 77
0.7031 0.70407204 77
0.7227 0.72369914 76
0.7422 0.74322610 76
0.7617 0.76187541 75
0.7813 0.78147992 75
0.8008 0.80098441 75
0.8203 0.82048890 74
0.8398 0.84096103 74
0.8594 0.86058813 73
0.8789 0.88011508 73
0.8984 0.89964204 73
0.9180 0.91926914 72
0.9375 0.93771589 72
0.9570 0.95611898 71
0.9766 0.97570093 71
0.9961 0.99632939 71
1.0156 1.01466503 70
1.0352 1.03305695 70
1.0547 1.05251658 69
1.0742 1.07197621 69
1.0938 1.09153564 69
1.1133 1.11099527 68
1.1328 1.13045490 68
1.1523 1.15123918 67
1.1719 1.16947396 67
1.1914 1.18893359 67
1.2109 1.20839322 66
1.2305 1.22795264 66
1.2500 1.24741227 65
1.2695 1.26687191 65
1.2891 1.28643133 65
1.3086 1.30288750 64
1.3281 1.32230237 64
1.3477 1.34027288 63
1.3672 1.36123169 63
1.3867 1.37905795 63
1.4063 1.39854993 62
1.4258 1.41794247 62
1.4453 1.43733501 61
1.4648 1.45672754 61
1.4844 1.47452094 61
1.5039 1.49389117 60
1.5234 1.51326139 60
1.5430 1.53449658 59
1.5625 1.55210117 59
1.5820 1.57147139 59
1.6016 1.58911036 58
1.6211 1.61588260 58
1.6406 1.63531985 57
1.6602 1.65295264 57
1.6797 1.66660132 56
1.6992 1.68400935 56
1.7188 1.70343413 56
1.7383 1.72077755 55
1.7578 1.74008098 55
1.7773 1.75938442 54
1.7969 1.77878684 54
1.8164 1.79809028 54
1.8359 1.81739372 53
1.8555 1.83468267 53
1.8750 1.85183067 53
1.8945 1.86893677 52
1.9141 1.88827230 52
1.9336 1.90750918 51
1.9531 1.92674606 51
1.9727 1.94384237 50
1.9922 1.96531847 50
2.0117 1.98455535 50
2.0313 2.00158514 49
2.0508 2.01847469 49
2.0703 2.03766733 48
2.0898 2.05685996 48
2.1094 2.07615102 48
2.1289 2.09534366 47
2.1484 2.11210324 47
2.1680 2.12891969 46
2.1875 2.14559655 46
2.2070 2.16223221 45
2.2266 2.18143464 45
2.2461 2.20053909 44
2.2656 2.21708956 44
2.2852 2.23626989 44
2.3047 2.25275728 43
2.3242 2.27181779 43
2.3438 2.29097605 43
2.3633 2.30737857 42
2.3828 2.32641715 42
2.4023 2.34006134 41
2.4219 2.35643903 41
2.4414 2.37267875 40
2.4609 2.39162986 40
2.4805 2.41067815 40
2.5000 2.42962926 39
2.5195 2.44576296 39
2.5391 2.46478933 38
2.5586 2.47515497 38
2.5781 2.49689201 37
2.5977 2.51297978 37
2.6172 2.53476039 37
2.6367 2.54777293 36
2.6563 2.56375855 36
2.6758 2.57663944 35
2.6953 2.59541680 35
2.7148 2.61419416 34
2.7344 2.63003813 34
2.7539 2.64574611 34
2.7734 2.66448029 33
2.7930 2.67713909 33
2.8125 2.69272828 32
2.8320 2.71139786 32
2.8516 2.72702178 31
2.8711 2.74566988 31
2.8906 2.76113727 31
2.9102 2.77666085 30
2.9297 2.80170981 30
2.9492 2.81711272 29
2.9688 2.82931265 29
2.9883 2.83481156 28
3.0078 2.85002687 28
3.0273 2.86520342 28
3.0469 2.88375394 27
3.0664 2.89887044 27
3.0859 2.91394834 26
3.1055 2.92571173 26
3.1250 2.94408281 25
3.1445 2.95904520 25
3.1641 2.97406325 24
3.1836 2.98894894 24
3.2031 3.00379643 24
3.2227 3.01869947 23
3.2422 3.02998028 23
3.2617 3.04119322 22
3.2813 3.05243158 22
3.3008 3.06703838 21
3.3203 3.08160752 21
3.3398 3.09970569 20
3.3594 3.11072570 20
3.3789 3.12518218 20
3.3984 3.13960126 19
3.4180 3.15407531 19
3.4375 3.16113255 18
3.4570 3.17540687 18
3.4766 3.18973590 17
3.4961 3.20393610 17
3.5156 3.21809941 16
3.5352 3.23231731 16
3.5547 3.24267150 16
3.5742 3.24921800 15
3.5938 3.25952191 15
3.6133 3.27343726 14
3.6328 3.28731627 14
3.6523 3.29736059 13
3.6719 3.30743140 13
3.6914 3.31734857 13
3.7109 3.33487263 12
3.7305 3.34477605 12
3.7500 3.35839108 11
3.7695 3.37197035 11
3.7891 3.38170771 10
3.8086 3.38739126 10
3.8281 3.40081709 9
3.8477 3.41036768 9
3.8672 3.42370733 8
3.8867 3.42910687 8
3.9063 3.43847280 8
3.9258 3.45166128 7
3.9453 3.46082813 7
3.9648 3.47393177 6
3.9844 3.48307584 6
4.0039 3.48805418 5
4.0234 3.49698051 5
4.0430 3.50593404 4
4.0625 3.50665770 4
4.0820 3.51538585 4
4.1016 3.52414123 3
4.1211 3.54089585 3
4.1406 3.55355693 2
4.1602 3.55806772 2
4.1797 3.56652367 1
4.1992 3.57492191 1
4.2188 3.58747545 0
4.2383 3.59576826 0
4.2578 3.60400394 0
4.2773 3.60802644 0
4.2969 3.61622335 0
4.3164 3.62427951 -1
4.3359 3.62810007 -1
4.3555 3.63611841 -2
4.3750 3.63980450 -2
4.3945 3.64761900 -3
4.4141 3.65546111 -3
4.4336 3.66316523 -4
4.4531 3.66659083 -4
4.4727 3.67003131 -4
4.4922 3.67332271 -5
4.5117 3.67654778 -5
4.5313 3.68402710 -6
4.5508 3.69137145 -6
4.5703 3.69440675 -7
4.5898 3.69737722 -7
4.6094 3.70462623 -7
4.6289 3.70747131 -8
4.6484 3.71452677 -8
4.6680 3.71305043 -9
4.6875 3.71998579 -9
4.7070 3.72258136 -10
4.7266 3.72948488 -10
4.7461 3.73195918 -10
4.7656 3.73437208 -11
4.7852 3.73680206 -11
4.8047 3.73909308 -12
4.8242 3.74132387 -12
4.8438 3.74357211 -13
4.8633 3.74999821 -13
4.8828 3.74773553 -13
4.9023 3.74972903 -14
4.9219 3.75174045 -14
4.9414 3.75361746 -15
4.9609 3.76409411 -15
4.9805 3.75727467 -16
5.0000 3.75465471 -16
5.0195 3.75197952 -16
5.0391 3.76229614 -17
5.0586 3.76383295 -17
5.0781 3.76098195 -18
5.0977 3.76681485 -18
5.1172 3.76818652 -19
5.1367 3.76950395 -19
5.1563 3.77084062 -19
5.1758 3.77205039 -20
5.1953 3.77320699 -20
5.2148 3.76996794 -21
5.2344 3.77109009 -21
5.2539 3.77208788 -21
5.2734 3.77303397 -22
5.2930 3.77399998 -22
5.3125 3.77049998 -23
5.3320 3.76695247 -23
5.3516 3.76776359 -24
5.3711 3.76411808 -24
5.3906 3.76475837 -24
5.4102 3.76541909 -25
5.4297 3.77029936 -25
5.4492 3.77079348 -26
5.4688 3.76263457 -26
5.4883 3.76303140 -26
5.5078 3.75905051 -27
5.5273 3.75935239 -27
5.5469 3.75534928 -28
5.5664 3.75988370 -28
5.5859 3.75139812 -28
5.6055 3.74726457 -29
5.6250 3.74302327 -29
5.6445 3.74304870 -30
5.6641 3.74309554 -30
5.6836 3.73872486 -30
5.7031 3.73861709 -31
5.7227 3.73422928 -31
5.7422 3.72973791 -32
5.7617 3.72950026 -32
5.7813 3.72499339 -32
5.8008 3.72467078 -33
5.8203 3.71574045 -33
5.8398 3.71533496 -33
5.8594 3.70640734 -34
5.8789 3.71018934 -34
5.8984 3.70539252 -35
5.9180 3.70488695 -35
5.9375 3.69575883 -35
5.9570 3.69086024 -36
5.9766 3.68599032 -36
5.9961 3.68102585 -36
6.0156 3.68026381 -37
6.0352 3.67529046 -37
6.0547 3.67445243 -38
6.0742 3.67357649 -38
6.0938 3.66849724 -38
6.1133 3.65911205 -39
6.1328 3.64971373 -39
6.1523 3.64449622 -39
6.1719 3.63930858 -40
6.1914 3.63403297 -40
6.2109 3.62455369 -40
6.2305 3.61928598 -41
6.2500 3.61809543 -41
6.2695 3.61270838 -42
6.2891 3.60320109 -42
6.3086 3.59776665 -42
6.3281 3.59230608 -43
6.3477 3.59100817 -43
6.3672 3.58548980 -43
6.3867 3.57994634 -44
6.4063 3.57032107 -44
6.4258 3.56884104 -44
6.4453 3.56322410 -45
6.4648 3.55348997 -45
6.4844 3.54380484 -45
6.5039 3.53813056 -46
6.5234 3.52836909 -46
6.5430 3.52271023 -46
6.5625 3.51697529 -47
6.5820 3.51121868 -47
6.6016 3.50549382 -47
6.6211 3.49969460 -48
6.6406 3.49387466 -48
6.6602 3.49210482 -48
6.6797 3.48623740 -49
6.6992 3.48035018 -49
6.7188 3.47049732 -49
6.7383 3.46059155 -50
6.7578 3.45068515 -50
6.7773 3.44077846 -50
6.7969 3.43883137 -51
6.8164 3.43285190 -51
6.8359 3.43080237 -51
6.8555 3.42483092 -52
6.8750 3.41485842 -52
6.8945 3.41273665 -52
6.9141 3.40279399 -53
6.9336 3.40062532 -53
6.9531 3.39843115 -53
6.9727 3.38844921 -53
6.9922 3.37842158 -54
7.0117 3.36452164 -54
7.0313 3.35456049 -54
7.0508 3.34840819 -55
7.0703 3.34609172 -55
7.0898 3.33606101 -55
7.1094 3.32991348 -56
7.1289 3.32370540 -56
7.1484 3.31366687 -56
7.1680 3.30748586 -56
7.1875 3.29744726 -57
7.2070 3.29878888 -57
7.2266 3.28877390 -57
7.2461 3.28249689 -58
7.2656 3.27243843 -58
7.2852 3.26619026 -58
7.3047 3.25988579 -59
7.3242 3.24982664 -59
7.3438 3.23981969 -59
7.3633 3.22977668 -60
7.3828 3.22716450 -60
7.4023 3.22082169 -60
7.4219 3.21821532 -60
7.4414 3.20814988 -61
7.4609 3.19809396 -61
7.4805 3.18809040 -61
7.5000 3.17805394 -61
7.5195 3.17167708 -62
7.5391 3.16533372 -62
7.5586 3.15893990 -62
7.5781 3.14891061 -63
7.5977 3.13893369 -63
7.6172 3.13613940 -63
7.6367 3.12972177 -63
7.6563 3.12333769 -64
7.6758 3.11331920 -64
7.6953 3.10331282 -64
7.7148 3.09688210 -65
7.7344 3.09048492 -65
7.7539 3.08049278 -65
7.7734 3.07405063 -65
7.7930 3.06764201 -66
7.8125 3.06118820 -66
7.8320 3.05472894 -66
7.8516 3.04479576 -66
7.8711 3.03134544 -67
7.8906 3.02489308 -67
7.9102 3.01500103 -67
7.9297 3.00854670 -67
7.9492 3.00208804 -68
7.9688 2.99566280 -68
7.9883 2.98919582 -68
8.0078 2.97929301 -68
8.0273 2.97282602 -69
8.0469 2.96639243 -69
8.0664 2.95991851 -69
8.0859 2.95004313 -69
8.1055 2.94021988 -70
8.1250 2.93037614 -70
8.1445 2.92054853 -70
8.1641 2.91412593 -70
8.1836 2.90431952 -71
8.2031 2.89786404 -71
8.2227 2.89144174 -71
8.2422 2.88166272 -71
8.2617 2.87520901 -72
8.2813 2.86878841 -72
8.3008 2.86562891 -72
8.3203 2.85916346 -72
8.3398 2.85269694 -73
8.3594 2.84298853 -73
8.3789 2.83652756 -73
8.3984 2.82355697 -73
8.4180 2.81714319 -73
8.4375 2.80746135 -74
8.4570 2.80102078 -74
8.4766 2.79461310 -74
8.4961 2.78496419 -74
8.5156 2.77853104 -75
8.5352 2.76894100 -75
8.5547 2.76569818 -75
8.5742 2.75609136 -75
8.5938 2.74969955 -76
8.6133 2.74327644 -76
8.6328 2.73685431 -76
8.6523 2.73043328 -76
8.6719 2.72404490 -76
8.6914 2.71449932 -77
8.7109 2.70808959 -77
8.7305 2.70171240 -77
8.7500 2.69220454 -77
8.7695 2.68271682 -78
8.7891 2.67635923 -78
8.8086 2.67304881 -78
8.8281 2.66665753 -78
8.8477 2.66029862 -79
8.8672 2.65391191 -79
8.8867 2.64752774 -79
8.9063 2.63813685 -79
8.9258 2.62873708 -79
8.9453 2.61935831 -80
8.9648 2.61300719 -80
8.9844 2.60668816 -80
9.0039 2.60034315 -80
9.0234 2.59101669 -80
9.0430 2.58174016 -81
9.0625 2.57838651 -81
9.0820 2.57206238 -81
9.1016 2.56577013 -81
9.1211 2.55356676 -81
9.1406 2.54433741 -82
9.1602 2.53807795 -82
9.1797 2.53179471 -82
9.1992 2.52842491 -82
9.2188 2.52217022 -82
9.2383 2.51589239 -83
9.2578 2.50961900 -83
9.2773 2.50046973 -83
9.2969 2.49136959 -83
9.3164 2.48512436 -83
9.3359 2.47888393 -84
9.3555 2.47552321 -84
9.3750 2.47212984 -84
9.3945 2.46305251 -84
9.4141 2.45685093 -84
9.4336 2.44780861 -85
9.4531 2.43878914 -85
9.4727 2.42981822 -85
9.4922 2.42363313 -85
9.5117 2.41745358 -85
9.5313 2.41130496 -86
9.5508 2.40513662 -86
9.5703 2.39621373 -86
9.5898 2.39006411 -86
9.6094 2.38394522 -86
9.6289 2.38054654 -86
9.6484 2.37440774 -87
9.6680 2.36829960 -87
9.6875 2.35945509 -87
9.7070 2.35334191 -87
9.7266 2.34725923 -87
9.7461 2.34115875 -88
9.7656 2.33506477 -88
9.7852 2.32900117 -88
9.8047 2.32024748 -88
9.8242 2.31418032 -88
9.8438 2.30548755 -88
9.8633 2.29944085 -89
9.8828 2.29340105 -89
9.9023 2.28736820 -89
9.9219 2.28136537 -89
9.9414 2.27534653 -89
9.9609 2.26933484 -90
9.9805 2.26857060 -90
10.0000 2.26255945 -90
10.0195 2.25395920 -90
10.0391 2.24540549 -90
10.0586 2.23943024 -90
10.0781 2.23346249 -91
10.0977 2.22752437 -91
10.1172 2.21901550 -91
10.1367 2.21053092 -91
10.1563 2.20716866 -91
10.1758 2.20378165 -91
10.1953 2.19785992 -92
10.2148 2.19194609 -92
10.2344 2.18103375 -92
10.2539 2.17765500 -92
10.2734 2.17177184 -92
10.2930 2.16841285 -92
10.3125 2.16253907 -93
10.3320 2.15667348 -93
10.3516 2.14836210 -93
10.3711 2.14251969 -93
10.3906 2.13668562 -93
10.4102 2.13333507 -93
10.4297 2.12751101 -94
10.4492 2.11925415 -94
10.4688 2.11347397 -94
10.4883 2.10768207 -94
10.5078 2.10189878 -94
10.5273 2.09853878 -94
10.5469 2.09037801 -95
10.5664 2.08462071 -95
10.5859 2.07887218 -95
10.6055 2.07315202 -95
10.6250 2.06742107 -95
10.6445 2.06169903 -95
10.6641 2.05600520 -95
10.6836 2.05030098 -96
10.7031 2.04696107 -96
10.7227 2.04363888 -96
10.7422 2.03794864 -96
10.7617 2.02992916 -96
10.7813 2.02428255 -96
10.8008 2.01862629 -97
10.8203 2.01297927 -97
10.8398 2.00965390 -97
10.8594 2.00403744 -97
10.8789 1.99611236 -97
10.8984 1.99050257 -97
10.9180 1.98720692 -97
10.9375 1.98389218 -98
10.9570 1.97829777 -98
10.9766 1.97046098 -98
10.9961 1.96489198 -98
11.0156 1.95933257 -98
11.0352 1.95605116 -98
11.0547 1.94826021 -98
11.0742 1.94272962 -99
11.0938 1.93499716 -99
11.1133 1.93171494 -99
11.1328 1.92843234 -99
11.1523 1.92514942 -99
11.1719 1.91967204 -99
11.1914 1.91418725 -99
11.2109 1.90651611 -100
11.2305 1.90107431 -100
11.2500 1.89780909 -100
11.2695 1.89454379 -100
11.2891 1.89129520 -100
11.3086 1.88585737 -100
11.3281 1.87826590 -100
11.3477 1.86856343 -101
11.3672 1.86317437 -101
11.3867 1.85779538 -101
11.4063 1.85671305 -101
11.4258 1.85134185 -101
11.4453 1.84598080 -101
11.4648 1.84062994 -101
11.4844 1.83741946 -102
11.5039 1.82997475 -102
11.5234 1.82675640 -102
11.5430 1.82355428 -102
11.5625 1.82033679 -102
11.5820 1.81502897 -102
11.6016 1.80974709 -102
11.6211 1.80445991 -102
11.6406 1.79918311 -103
11.6602 1.79393209 -103
11.6797 1.78867603 -103
11.6992 1.78343040 -103
11.7188 1.78025880 -103
11.7383 1.77707274 -103
11.7578 1.77184639 -103
11.7773 1.76663056 -103
11.7969 1.76346928 -104
11.8164 1.76029390 -104
11.8359 1.75711945 -104
11.8555 1.75396077 -104
11.8750 1.74475165 -104
11.8945 1.74159108 -104
11.9141 1.73844614 -104
11.9336 1.73329098 -104
11.9531 1.72814649 -105
11.9727 1.72302707 -105
11.9922 1.71988284 -105
12.0117 1.71476447 -105
12.0313 1.70967104 -105
12.0508 1.70457407 -105
12.0703 1.70144559 -105
12.0898 1.69636427 -106
12.1094 1.69130770 -106
12.1289 1.68624788 -106
12.1484 1.68313551 -106
12.1680 1.68003837 -106
12.1875 1.67499930 -106
12.2070 1.66997106 -106
12.2266 1.66496728 -106
12.2461 1.66187288 -107
12.2656 1.65687139 -107
12.2852 1.65379712 -107
12.3047 1.65071094 -107
12.3242 1.64573057 -107
12.3438 1.64077442 -107
12.3633 1.63770022 -107
12.3828 1.63462772 -107
12.4023 1.63155693 -107
12.4219 1.62475555 -108
12.4414 1.61982931 -108
12.4609 1.61491404 -108
12.4805 1.61187732 -108
12.5000 1.60882947 -108
12.5195 1.60393581 -108
12.5391 1.59906591 -108
12.5586 1.59235988 -108
12.5781 1.58933352 -109
12.5977 1.58632169 -109
12.6172 1.58329918 -109
12.6367 1.57664412 -109
12.6563 1.57364498 -109
12.6758 1.57063539 -109
12.6953 1.56943368 -109
12.7148 1.56462236 -109
12.7344 1.55983438 -109
12.7539 1.55504517 -110
12.7734 1.55205287 -110
12.7930 1.54907484 -110
12.8125 1.54430785 -110
12.8320 1.53955196 -110
12.8516 1.53658716 -110
12.8711 1.53361259 -110
12.8906 1.52887906 -110
12.9102 1.52241471 -110
12.9297 1.51770879 -111
12.9492 1.51475690 -111
12.9688 1.51181898 -111
12.9883 1.50887169 -111
13.0078 1.50592676 -111
13.0273 1.50125482 -111
13.0469 1.50005552 -111
13.0664 1.49539509 -111
13.0859 1.49074581 -111
13.1055 1.48611903 -111
13.1250 1.48319862 -112
13.1445 1.47857742 -112
13.1641 1.47567654 -112
13.1836 1.47276691 -112
13.2031 1.46985980 -112
13.2227 1.46527839 -112
13.2422 1.46069702 -112
13.2617 1.45612681 -112
13.2813 1.45325085 -112
13.3008 1.45036651 -112
13.3203 1.44748478 -113
13.3398 1.44460568 -113
13.3594 1.44174002 -113
13.3789 1.43721059 -113
13.3984 1.43269234 -113
13.4180 1.42984114 -113
13.4375 1.42698194 -113
13.4570 1.42412547 -113
13.4766 1.41964690 -113
13.4961 1.41679915 -114
13.5156 1.41232722 -114
13.5352 1.40949869 -114
13.5547 1.40666250 -114
13.5742 1.40382911 -114
13.5938 1.39939680 -114
13.6133 1.39657227 -114
13.6328 1.39214690 -114
13.6523 1.38773270 -114
13.6719 1.38333980 -114
13.6914 1.37894790 -115
13.7109 1.37615060 -115
13.7305 1.37494825 -115
13.7500 1.37373416 -115
13.7695 1.37093912 -115
13.7891 1.36815695 -115
13.8086 1.36536778 -115
13.8281 1.36258157 -115
13.8477 1.35824353 -115
13.8672 1.35390683 -115
13.8867 1.35113596 -116
13.9063 1.34837780 -116
13.9258 1.34561294 -116
13.9453 1.34130598 -116
13.9648 1.33701020 -116
13.9844 1.33273511 -116
14.0039 1.32999191 -116
14.0234 1.32725180 -116
14.0430 1.32604999 -116
14.0625 1.32179022 -116
14.0820 1.31754161 -116
14.1016 1.31482633 -117
14.1211 1.31059507 -117
14.1406 1.30787982 -117
14.1602 1.30668043 -117
14.1797 1.30396833 -117
14.1992 1.30125939 -117
14.2188 1.29706860 -117
14.2383 1.29287977 -117
14.2578 1.29018657 -117
14.2773 1.28749658 -117
14.2969 1.28481879 -118
14.3164 1.28065994 -118
14.3359 1.27798266 -118
14.3555 1.27531751 -118
14.3750 1.27264669 -118
14.3945 1.26997913 -118
14.4141 1.26732362 -118
14.4336 1.26320741 -118
14.4531 1.26055270 -118
14.4727 1.25646258 -118
14.4922 1.25526182 -118
14.5117 1.25261697 -119
14.5313 1.24998404 -119
14.5508 1.24591057 -119
14.5703 1.24327870 -119
14.5898 1.24065017 -119
14.6094 1.23803345 -119
14.6289 1.23541159 -119
14.6484 1.23279309 -119
14.6680 1.23018634 -119
14.6875 1.22616208 -119
14.7070 1.22214882 -119
14.7266 1.21955809 -119
14.7461 1.21836433 -120
14.7656 1.21576909 -120
14.7852 1.21178955 -120
14.8047 1.20920410 -120
14.8242 1.20801205 -120
14.8438 1.20682721 -120
14.8633 1.20286044 -120
14.8828 1.20028574 -120
14.9023 1.19633636 -120
14.9219 1.19377952 -120
14.9414 1.18984747 -120
14.9609 1.18729249 -120
14.9805 1.18338568 -121
15.0000 1.18220083 -121
15.0195 1.17829891 -121
15.0391 1.17576857 -121
15.0586 1.17323388 -121
15.0781 1.17070270 -121
15.0977 1.16683861 -121
15.1172 1.16565856 -121
15.1367 1.16179955 -121
15.1563 1.15795903 -121
15.1758 1.15412167 -121
15.1953 1.15294683 -121
15.2148 1.14912229 -122
15.2344 1.14663542 -122
15.2539 1.14282806 -122
15.2734 1.13903148 -122
15.2930 1.13656084 -122
15.3125 1.13147797 -122
15.3320 1.12901266 -122
15.3516 1.12526198 -122
15.3711 1.12151464 -122
15.3906 1.11777798 -122
15.4102 1.11405921 -122
15.4297 1.11034383 -122
15.4492 1.10536573 -123
15.4688 1.10168294 -123
15.4883 1.09547823 -123
15.5078 1.09181785 -123
15.5273 1.08816798 -123
15.5469 1.08328768 -123
15.5664 1.07842063 -123
15.5859 1.07481046 -123
15.6055 1.06998500 -123
15.6250 1.06394708 -123
15.6445 1.05916028 -123
15.6641 1.05318690 -123
15.6836 1.04844525 -123
15.7031 1.04252240 -124
15.7227 1.03783217 -124
15.7422 1.03196609 -124
15.7617 1.02613159 -124
15.7813 1.01798827 -124
15.8008 1.01222970 -124
15.8203 1.00534406 -124
15.8398 0.99965397 -124
15.8594 0.99285712 -124
15.8789 0.98609876 -124
15.8984 0.98051314 -124
15.9180 0.97272147 -124
15.9375 0.96498419 -124
15.9570 0.95840980 -125
15.9766 0.95188473 -125
15.9961 0.94322241 -125
16.0156 0.93356210 -125
16.0352 0.92506954 -125
16.0547 0.91770309 -125
16.0742 0.91144269 -125
16.0938 0.90314733 -125
16.1133 0.89389085 -125
16.1328 0.88574712 -125
16.1523 0.87666642 -125
16.1719 0.86768292 -125
16.1914 0.85779676 -125
16.2109 0.84802201 -126
16.2305 0.84029523 -126
16.2500 0.83071751 -126
16.2695 0.82124778 -126
16.2891 0.81002251 -126
16.3086 0.80078639 -126
16.3281 0.79256639 -126
16.3477 0.78263030 -126
16.3672 0.77370319 -126
16.3867 0.76399674 -126
16.4063 0.75181442 -126
16.4258 0.74152625 -126
16.4453 0.73053630 -126
16.4648 0.72136731 -127
16.4844 0.71067845 -127
16.5039 0.70094926 -127
16.5234 0.68896858 -127
16.5430 0.67875692 -127
16.5625 0.66869164 -127
16.5820 0.65877470 -127
16.6016 0.64751517 -127
16.6211 0.63571105 -127
16.6406 0.62412127 -127
16.6602 0.61345147 -127
16.6797 0.60226585 -127
16.6992 0.59196450 -127
16.7188 0.58117256 -128
16.7383 0.57057317 -127
16.7578 0.56016633 -128
16.7773 0.54805238 -128
16.7969 0.53805805 -128
16.8164 0.52702720 -128
16.8359 0.51503452 -128
16.8555 0.50505845 -128
16.8750 0.49470213 -128
16.8945 0.48511571 -128
16.9141 0.47407701 -128
16.9336 0.46222060 -128
16.9531 0.45221933 -128
16.9727 0.44141891 -128
16.9922 0.43087333 -128
17.0117 0.42057913 -128
17.0313 0.41195312 -128
17.0508 0.40257311 -128
17.0703 0.39340616 -129
17.0898 0.38224075 -129
17.1094 0.37267888 -129
17.1289 0.36085230 -129
17.1484 0.35141768 -129
17.1680 0.34223128 -129
17.1875 0.33443576 -129
17.2070 0.32569055 -129
17.2266 0.31608186 -129
17.2461 0.30781579 -129
17.2656 0.29804489 -129
17.2852 0.28958390 -129
17.3047 0.28039100 -129
17.3242 0.27337147 -129
17.3438 0.26438953 -130
17.3633 0.25629036 -130
17.3828 0.24701296 -130
17.4023 0.23999746 -130
17.4219 0.23211089 -130
17.4414 0.22422361 -130
17.4609 0.21710340 -130
17.4805 0.20996836 -130
17.5000 0.20259935 -130
17.5195 0.19526379 -130
17.5391 0.18862850 -130
17.5586 0.18263747 -130
17.5781 0.17704022 -130
17.5977 0.16984623 -130
17.6172 0.16350720 -130
17.6367 0.15668136 -130
17.6563 0.15083416 -131
17.6758 0.14503709 -131
17.6953 0.13898180 -131
17.7148 0.13394801 -131
17.7344 0.12894856 -131
17.7539 0.12399203 -131
17.7734 0.11908869 -131
17.7930 0.11346167 -131
17.8125 0.10884911 -131
17.8320 0.10394415 -131
17.8516 0.09960408 -131
17.8711 0.09566461 -131
17.8906 0.09135344 -131
17.9102 0.08763961 -131
17.9297 0.08368990 -131
17.9492 0.08010232 -132
17.9688 0.07614109 -132
17.9883 0.07321332 -132
18.0078 0.06967238 -132
18.0273 0.06645546 -132
18.0469 0.06273395 -132
18.0664 0.05976840 -132
18.0859 0.05687745 -132
18.1055 0.05375397 -132
18.1250 0.05121274 -132
18.1445 0.04862336 -132
18.1641 0.04653866 -132
18.1836 0.04393189 -132
18.2031 0.04137570 -132
18.2227 0.03901330 -132
18.2422 0.03721150 -132
18.2617 0.03528915 -132
18.2813 0.03331249 -133
18.3008 0.03112218 -133
18.3203 0.02927741 -133
18.3398 0.02751025 -133
18.3594 0.02596919 -133
18.3789 0.02448609 -133
18.3984 0.02303457 -132
18.4180 0.02161934 -132
18.4375 0.02036114 -132
18.4570 0.01919823 -133
18.4766 0.01806018 -133
18.4961 0.01689196 -133
18.5156 0.01579930 -133
18.5352 0.01481144 -134
18.5547 0.01388526 -134
18.5742 0.01294226 -134
18.5938 0.01202176 -134
18.6133 0.01116666 -134
18.6328 0.01039628 -134
18.6523 0.00977985 -133
18.6719 0.00912617 -133
18.6914 0.00852593 -133
18.7109 0.00781078 -134
18.7305 0.00724685 -134
18.7500 0.00663898 -134
18.7695 0.00613836 -134
18.7891 0.00564945 -134
18.8086 0.00529610 -133
18.8281 0.00489110 -133
18.8477 0.00452750 -134
18.8672 0.00415726 -134
18.8867 0.00383492 -134
18.9063 0.00351323 -134
18.9258 0.00321110 -134
18.9453 0.00291475 -134
18.9648 0.00266102 -135
18.9844 0.00243779 -135
19.0039 0.00222814 -135
19.0234 0.00202483 -135
19.0430 0.00183162 -135
19.0625 0.00167409 -135
19.0820 0.00150565 -134
19.1016 0.00136512 -134
19.1211 0.00123059 -135
19.1406 0.00112734 -135
19.1602 0.00101158 -135
19.1797 0.00090874 -134
19.1992 0.00081261 -134
19.2188 0.00073591 -135
19.2383 0.00066722 -136
19.2578 0.00060077 -135
19.2773 0.00053536 -134
19.2969 0.00046891 -134
19.3164 0.00042759 -135
19.3359 0.00038147 -135
19.3555 0.00033644 -135
19.3750 0.00028336 -135
19.3945 0.00024648 -135
19.4141 0.00022193 -136
19.4336 0.00019460 -140
19.4531 0.00017402 -141
19.4727 0.00015400 -140
19.4922 0.00013365 -138
19.5117 0.00011400 -138
STA_LIST LPAZ
CHAN_LIST BHZ
CALIBRATION_RESULT
CALIB 2.11700000e-02
CALPER 1
IN_SPEC Yes
DATA_TYPE RESPONSE IMS2.0
CAL2 LPAZ BHZ 54000 2.10000000e-02 1.000 40.00000 2019/01/30 02:28 2019/01/30 03:01
FAP2 1 C 0.000 999
0.0195 0.01565073 102
0.0391 0.03712588 105
0.0586 0.05772948 101
0.0781 0.07738397 97
0.0977 0.09747530 94
0.1172 0.11828444 92
0.1367 0.13876135 92
0.1563 0.15865690 90
0.1758 0.17438891 90
0.1953 0.19041548 89
0.2148 0.20870568 89
0.2344 0.23038681 88
0.2539 0.25302457 87
0.2734 0.27277120 86
0.2930 0.29198976 86
0.3125 0.31214043 86
0.3320 0.33161799 85
0.3516 0.35119544 85
0.3711 0.37110000 84
0.3906 0.39060000 84
0.4102 0.41020000 83
0.4297 0.43019500 83
0.4492 0.44971746 82
0.4688 0.46988070 82
0.4883 0.48942565 81
0.5078 0.50955691 81
0.5273 0.52851555 81
0.5469 0.54753000 80
0.5664 0.56640000 80
0.5859 0.58590000 79
0.6055 0.60550000 79
0.6250 0.62500000 78
0.6445 0.64524244 78
0.6641 0.66410000 78
0.6836 0.68360000 77
0.7031 0.70310000 77
0.7227 0.72353252 76
0.7422 0.74391095 76
0.7617 0.76257744 76
0.7813 0.78220002 75
0.8008 0.80172249 75
0.8203 0.82124495 74
0.8398 0.84076741 74
0.8594 0.86038999 73
0.8789 0.88092607 73
0.8984 0.90047103 73
0.9180 0.92011621 72
0.9375 0.93857996 72
0.9570 0.95700000 71
0.9766 0.97660000 71
0.9961 0.99610000 71
1.0156 1.01560000 70
1.0352 1.03520000 70
1.0547 1.05348643 69
1.0742 1.07296399 69
1.0938 1.09380000 69
1.1133 1.11330000 68
1.1328 1.13280000 68
1.1523 1.15230000 68
1.1719 1.17190000 67
1.1914 1.19140000 67
1.2109 1.21090000 66
1.2305 1.23050000 66
1.2500 1.25000000 65
1.2695 1.26950000 65
1.2891 1.28910000 65
1.3086 1.30709429 64
1.3281 1.32657185 64
1.3477 1.34305324 63
1.3672 1.36405553 63
1.3867 1.38191877 63
1.4063 1.40306560 62
1.4258 1.42088396 62
1.4453 1.44197590 61
1.4648 1.46143105 61
1.4844 1.47928191 61
1.5039 1.49871467 60
1.5234 1.51814744 60
1.5430 1.53945120 59
1.5625 1.55711263 59
1.5820 1.57654539 59
1.6016 1.59607781 58
1.6211 1.62110000 58
1.6406 1.63871228 57
1.6602 1.65828972 57
1.6797 1.67390853 57
1.6992 1.69139289 56
1.7188 1.71090283 56
1.7383 1.72832229 55
1.7578 1.74771036 55
1.7773 1.76709843 55
1.7969 1.78864399 54
1.8164 1.80597400 54
1.8359 1.82536207 53
1.8555 1.84484957 53
1.8750 1.86209259 53
1.8945 1.87929349 52
1.9141 1.89873617 52
1.9336 1.91807965 51
1.9531 1.93742313 51
1.9727 1.95461418 50
1.9922 1.97620929 50
2.0117 1.99555277 50
2.0313 2.01499544 49
2.0508 2.03199815 49
2.0703 2.05131938 48
2.0898 2.07064060 48
2.1094 2.09006090 48
2.1289 2.10938213 47
2.1484 2.12625400 47
2.1680 2.14318311 46
2.1875 2.15997170 46
2.2070 2.17922631 45
2.2266 2.19857965 45
2.2461 2.21783426 44
2.2656 2.23451480 44
2.2852 2.25384588 44
2.3047 2.27046286 43
2.3242 2.28967318 43
2.3438 2.30898201 42
2.3633 2.32551345 42
2.3828 2.34470166 42
2.4023 2.35845308 41
2.4219 2.37769534 41
2.4414 2.39132685 40
2.4609 2.41320361 40
2.4805 2.42962491 39
2.5000 2.45154579 39
2.5195 2.46782502 39
2.5391 2.48702302 38
2.5586 2.50035915 38
2.5781 2.51941528 37
2.5977 2.53564817 37
2.6172 2.56057153 36
2.6367 2.57371657 36
2.6563 2.58688500 36
2.6758 2.60287702 35
2.6953 2.62184559 35
2.7148 2.64081416 34
2.7344 2.65681947 34
2.7539 2.67268740 33
2.7734 2.69161234 33
2.7930 2.70751540 32
2.8125 2.72014798 32
2.8320 2.73900767 32
2.8516 2.75796408 31
2.8711 2.77682378 31
2.8906 2.79246667 30
2.9102 2.80816639 30
2.9297 2.83349957 29
2.9492 2.84907725 29
2.9688 2.86141561 28
2.9883 2.86697691 28
3.0078 2.88236486 28
3.0273 2.89771361 27
3.0469 2.91647462 27
3.0664 2.93176264 26
3.0859 2.94701162 26
3.1055 2.96231702 25
3.1250 2.97748801 25
3.1445 2.99606754 25
3.1641 3.01127349 24
3.1836 3.02634542 24
3.2031 3.03787918 23
3.2227 3.05646818 23
3.2422 3.06789012 22
3.2617 3.07924336 22
3.2813 3.09062233 21
3.3008 3.10541188 21
3.3203 3.12016331 20
3.3398 3.13848791 20
3.3594 3.14964581 19
3.3789 3.16428315 19
3.3984 3.17888264 19
3.4180 3.19353778 18
3.4375 3.20437037 18
3.4570 3.21513623 17
3.4766 3.22964454 17
3.4961 3.24775938 16
3.5156 3.26211642 16
3.5352 3.27275872 15
3.5547 3.28324245 15
3.5742 3.29366064 15
3.5938 3.30410549 14
3.6133 3.31439314 14
3.6328 3.33228002 13
3.6523 3.33861579 13
3.6719 3.34881260 12
3.6914 3.36272310 12
3.7109 3.37659716 11
3.7305 3.39052573 11
3.7500 3.40432699 10
3.7695 3.41809200 10
3.7891 3.42796254 9
3.8086 3.43372383 9
3.8281 3.44336669 9
3.8477 3.45303677 8
3.8672 3.46654333 8
3.8867 3.47601003 7
3.9063 3.48550407 7
3.9258 3.49484702 6
3.9453 3.50816517 6
3.9648 3.51739616 5
3.9844 3.52665464 5
4.0039 3.53169526 4
4.0234 3.54073327 4
4.0430 3.55388804 3
4.0625 3.55462159 3
4.0820 3.55936889 3
4.1016 3.56823381 2
4.1211 3.58519806 2
4.1406 3.59801755 1
4.1602 3.60258478 1
4.1797 3.61114653 0
4.1992 3.61964984 0
4.2188 3.63236044 0
4.2383 3.64075701 0
4.2578 3.64909574 -1
4.2773 3.64896512 -1
4.2969 3.65725504 -2
4.3164 3.66540260 -2
4.3359 3.67349334 -2
4.3555 3.67737584 -3
4.3750 3.68110374 -3
4.3945 3.68900691 -4
4.4141 3.69693800 -4
4.4336 3.70472954 -5
4.4531 3.70819401 -5
4.4727 3.71167353 -6
4.4922 3.71072768 -6
4.5117 3.71826393 -7
4.5313 3.72154107 -7
4.5508 3.72896021 -7
4.5703 3.73202641 -8
4.5898 3.73502714 -8
4.6094 3.74234996 -9
4.6289 3.74522401 -9
4.6484 3.75235131 -10
4.6680 3.75085994 -10
4.6875 3.75354201 -11
4.7070 3.76048792 -11
4.7266 3.76746174 -11
4.7461 3.76996123 -12
4.7656 3.76805807 -12
4.7852 3.77050997 -13
4.8047 3.77282165 -13
4.8242 3.77507257 -14
4.8438 3.77734109 -14
4.8633 3.77947138 -15
4.8828 3.78154207 -15
4.9023 3.77920008 -15
4.9219 3.78122731 -16
4.9414 3.78311907 -16
4.9609 3.78931294 -17
4.9805 3.78244781 -17
5.0000 3.78416448 -18
5.0195 3.77711718 -18
5.0391 3.78750293 -19
5.0586 3.78905003 -19
5.0781 3.78617993 -19
5.0977 3.78768866 -20
5.1172 3.78906793 -20
5.1367 3.79475902 -21
5.1563 3.79173674 -21
5.1758 3.79295322 -22
5.1953 3.79411623 -22
5.2148 3.79085922 -22
5.2344 3.79198759 -23
5.2539 3.79299091 -23
5.2734 3.78957682 -24
5.2930 3.79054707 -24
5.3125 3.78703172 -24
5.3320 3.78346866 -25
5.3516 3.77992902 -25
5.3711 3.77627174 -26
5.3906 3.77691409 -26
5.4102 3.77757695 -27
5.4297 3.78247298 -27
5.4492 3.77861590 -27
5.4688 3.77478344 -28
5.4883 3.77083772 -28
5.5078 3.76684857 -29
5.5273 3.76715107 -29
5.5469 3.76313966 -29
5.5664 3.76334827 -30
5.5859 3.75918030 -30
5.6055 3.75071752 -31
5.6250 3.74647231 -31
5.6445 3.74649776 -31
5.6641 3.74223376 -32
5.6836 3.74216994 -32
5.7031 3.73775634 -33
5.7227 3.73336954 -33
5.7422 3.72887920 -33
5.7617 3.72435132 -34
5.7813 3.71985067 -34
5.8008 3.71952851 -35
5.8203 3.71061051 -35
5.8398 3.70593650 -35
5.8594 3.70129028 -36
5.8789 3.70080390 -36
5.8984 3.69601922 -37
5.9180 3.69551493 -37
5.9375 3.68640989 -37
5.9570 3.68152370 -38
5.9766 3.67243561 -38
5.9961 3.66748940 -38
6.0156 3.66673016 -39
6.0352 3.66177510 -39
6.0547 3.66094015 -39
6.0742 3.65585605 -40
6.0938 3.65080130 -40
6.1133 3.64146138 -41
6.1328 3.63210840 -41
6.1523 3.62691606 -41
6.1719 3.61758614 -42
6.1914 3.61234202 -42
6.2109 3.60291932 -42
6.2305 3.59768305 -43
6.2500 3.59236137 -43
6.2695 3.59114472 -44
6.2891 3.58169417 -44
6.3086 3.57217718 -44
6.3281 3.56675545 -45
6.3477 3.56546677 -45
6.3672 3.55589142 -45
6.3867 3.55039372 -46
6.4063 3.54084791 -46
6.4258 3.53938010 -46
6.4453 3.53380952 -47
6.4648 3.52415575 -47
6.4844 3.51455057 -47
6.5039 3.50488567 -48
6.5234 3.49521592 -48
6.5430 3.48961022 -48
6.5625 3.48392917 -49
6.5820 3.47822665 -49
6.6016 3.46855996 -49
6.6211 3.46681085 -50
6.6406 3.45706322 -50
6.6602 3.45531202 -50
6.6797 3.44950642 -51
6.6992 3.44368123 -51
6.7188 3.43393218 -51
6.7383 3.42019086 -52
6.7578 3.41040012 -52
6.7773 3.40060908 -52
6.7969 3.39868473 -53
6.8164 3.39277507 -53
6.8359 3.39074946 -53
6.8555 3.38095301 -54
6.8750 3.37110828 -54
6.8945 3.36513720 -54
6.9141 3.35919841 -55
6.9336 3.35319480 -55
6.9531 3.35103123 -55
6.9727 3.34118852 -55
6.9922 3.33130075 -56
7.0117 3.31759468 -56
7.0313 3.30777247 -56
7.0508 3.30170598 -57
7.0703 3.29562540 -57
7.0898 3.28953100 -57
7.1094 3.27969116 -58
7.1289 3.27357671 -58
7.1484 3.26368959 -58
7.1680 3.25385351 -58
7.1875 3.24771460 -59
7.2070 3.24529755 -59
7.2266 3.23544496 -59
7.2461 3.22926974 -60
7.2656 3.21937439 -60
7.2852 3.21322753 -60
7.3047 3.20702529 -61
7.3242 3.19345055 -61
7.3438 3.18361719 -61
7.3633 3.17374840 -61
7.3828 3.17118153 -62
7.4023 3.16494875 -62
7.4219 3.16238760 -62
7.4414 3.15249677 -63
7.4609 3.13899930 -63
7.4805 3.12918059 -63
7.5000 3.12292291 -63
7.5195 3.11307055 -64
7.5391 3.10684441 -64
7.5586 3.09700113 -64
7.5781 3.09072476 -65
7.5977 3.08093220 -65
7.6172 3.07464769 -65
7.6367 3.06835589 -65
7.6563 3.06209699 -66
7.6758 3.05227493 -66
7.6953 3.04246475 -66
7.7148 3.03616012 -66
7.7344 3.02988837 -67
7.7539 3.02009216 -67
7.7734 3.01030858 -67
7.7930 3.00403284 -68
7.8125 2.99771286 -68
7.8320 2.98794555 -68
7.8516 2.97822954 -68
7.8711 2.96848890 -68
7.8906 2.95876197 -69
7.9102 2.95248340 -69
7.9297 2.94277296 -69
7.9492 2.93645550 -69
7.9688 2.93017074 -70
7.9883 2.92384514 -70
8.0078 2.91415883 -70
8.0273 2.90783322 -71
8.0469 2.89820168 -71
8.0664 2.89187658 -71
8.0859 2.88222822 -71
8.1055 2.87263078 -71
8.1250 2.86631139 -72
8.1445 2.85341163 -72
8.1641 2.84713667 -72
8.1836 2.83755569 -72
8.2031 2.83124861 -73
8.2227 2.82172344 -73
8.2422 2.81541972 -73
8.2617 2.80911437 -73
8.2813 2.80284136 -74
8.3008 2.79653301 -74
8.3203 2.79022346 -74
8.3398 2.78391285 -74
8.3594 2.77443853 -75
8.3789 2.76494825 -75
8.3984 2.75547551 -75
8.4180 2.74605304 -75
8.4375 2.73661552 -75
8.4570 2.73033748 -76
8.4766 2.72409149 -76
8.4961 2.71781327 -76
8.5156 2.70841527 -76
8.5352 2.70217643 -77
8.5547 2.69590624 -77
8.5742 2.68654185 -77
8.5938 2.68031133 -77
8.6133 2.67405031 -78
8.6328 2.66472060 -78
8.6523 2.65846881 -78
8.6719 2.65224880 -78
8.6914 2.64295481 -78
8.7109 2.63975140 -79
8.7305 2.63050491 -79
8.7500 2.62124764 -79
8.7695 2.61200998 -79
8.7891 2.60581996 -79
8.8086 2.60259679 -80
8.8281 2.59338649 -80
8.8477 2.59018264 -80
8.8672 2.58099108 -80
8.8867 2.57478233 -81
8.9063 2.56564946 -81
8.9258 2.55650797 -81
8.9453 2.55032137 -81
8.9648 2.54121029 -81
8.9844 2.53798516 -82
9.0039 2.52889421 -82
9.0234 2.51982401 -82
9.0430 2.51369471 -82
9.0625 2.50754087 -82
9.0820 2.50139051 -83
9.1016 2.49240001 -83
9.1211 2.48340309 -83
9.1406 2.47442733 -83
9.1602 2.46833986 -83
9.1797 2.46222926 -84
9.1992 2.45612271 -84
9.2188 2.45004687 -84
9.2383 2.44394856 -84
9.2578 2.43785457 -84
9.2773 2.42896692 -85
9.2969 2.42012702 -85
9.3164 2.41406037 -85
9.3359 2.40799838 -85
9.3555 2.40196682 -85
9.3750 2.39867427 -85
9.3945 2.39261968 -86
9.4141 2.38659544 -86
9.4336 2.37507571 -86
9.4531 2.36905014 -86
9.4727 2.36033575 -86
9.4922 2.35161857 -87
9.5117 2.34562264 -87
9.5313 2.33965671 -87
9.5508 2.33367165 -87
9.5703 2.32769220 -87
9.5898 2.31904700 -87
9.6094 2.31310992 -88
9.6289 2.30981223 -88
9.6484 2.30385584 -88
9.6680 2.29528512 -88
9.6875 2.28934748 -88
9.7070 2.28078858 -89
9.7266 2.27489343 -89
9.7461 2.27159479 -89
9.7656 2.26568188 -89
9.7852 2.25719826 -89
9.8047 2.24871445 -90
9.8242 2.24283433 -90
9.8438 2.23698350 -90
9.8633 2.22854928 -90
9.8828 2.22269569 -90
9.9023 2.21940254 -90
9.9219 2.21103107 -91
9.9414 2.20519779 -91
9.9609 2.20190501 -91
9.9805 2.19863076 -91
10.0000 2.19280494 -91
10.0195 2.18446982 -91
10.0391 2.17617983 -92
10.0586 2.17038879 -92
10.0781 2.16460503 -92
10.0977 2.15884998 -92
10.1172 2.15060344 -92
10.1367 2.14238044 -92
10.1563 2.13666050 -93
10.1758 2.13338169 -93
10.1953 2.12764913 -93
10.2148 2.12192421 -93
10.2344 2.11379267 -93
10.2539 2.10808966 -93
10.2734 2.10481630 -94
10.2930 2.09914275 -94
10.3125 2.09345660 -94
10.3320 2.08777839 -94
10.3516 2.07973252 -94
10.3711 2.07646599 -94
10.3906 2.07081178 -94
10.4102 2.06518553 -95
10.4297 2.05954752 -95
10.4492 2.05391772 -95
10.4688 2.04595889 -95
10.4883 2.04035201 -95
10.5078 2.03475347 -95
10.5273 2.03150081 -96
10.5469 2.02360073 -96
10.5664 2.01802735 -96
10.5859 2.01246246 -96
10.6055 2.00692502 -96
10.6250 2.00137716 -96
10.6445 1.99583790 -96
10.6641 1.99032597 -97
10.6836 1.98480397 -97
10.7031 1.98157075 -97
10.7227 1.97607833 -97
10.7422 1.97057620 -97
10.7617 1.96508292 -97
10.7813 1.95961670 -97
10.8008 1.95414112 -98
10.8203 1.94867450 -98
10.8398 1.94545536 -98
10.8594 1.93778607 -98
10.8789 1.93234641 -98
10.8984 1.92691583 -98
10.9180 1.92151195 -99
10.9375 1.92051660 -99
10.9570 1.91289733 -99
10.9766 1.90751446 -99
10.9961 1.90212337 -99
11.0156 1.89674155 -99
11.0352 1.89138617 -99
11.0547 1.88385278 -100
11.0742 1.87850503 -100
11.0938 1.87318354 -100
11.1133 1.87000616 -100
11.1328 1.86468041 -100
11.1523 1.86150601 -100
11.1719 1.85620971 -100
11.1914 1.85090624 -100
11.2109 1.84348870 -101
11.2305 1.83822679 -101
11.2500 1.83506952 -101
11.2695 1.83191217 -101
11.2891 1.82666674 -101
11.3086 1.82351291 -101
11.3281 1.81617241 -101
11.3477 1.80679070 -102
11.3672 1.80157979 -102
11.3867 1.79637862 -102
11.4063 1.79533207 -102
11.4258 1.79013844 -102
11.4453 1.78495463 -102
11.4648 1.77978066 -102
11.4844 1.77667631 -103
11.5039 1.76947772 -103
11.5234 1.76636576 -103
11.5430 1.76124063 -103
11.5625 1.75813308 -103
11.5820 1.75502602 -103
11.6016 1.74991876 -103
11.6211 1.74480637 -103
11.6406 1.73970402 -104
11.6602 1.73462659 -104
11.6797 1.72954429 -104
11.6992 1.72447207 -104
11.7188 1.72140533 -104
11.7383 1.71634743 -104
11.7578 1.71327102 -104
11.7773 1.70822761 -104
11.7969 1.70320882 -105
11.8164 1.70210044 -105
11.8359 1.69903094 -105
11.8555 1.69402523 -105
11.8750 1.68707200 -105
11.8945 1.68401591 -105
11.9141 1.67904077 -105
11.9336 1.67406176 -105
11.9531 1.66909307 -106
11.9727 1.66414859 -106
11.9922 1.66111180 -106
12.0117 1.65807617 -106
12.0313 1.65315112 -106
12.0508 1.64822265 -106
12.0703 1.64330458 -106
12.0898 1.63839690 -106
12.1094 1.63539485 -106
12.1289 1.63050230 -107
12.1484 1.62749283 -107
12.1680 1.62262888 -107
12.1875 1.61776200 -107
12.2070 1.61476358 -107
12.2266 1.60992522 -107
12.2461 1.60508413 -107
12.2656 1.60209696 -108
12.2852 1.59912433 -108
12.3047 1.59430361 -108
12.3242 1.58949343 -108
12.3438 1.58470664 -108
12.3633 1.58173749 -108
12.3828 1.57876998 -108
12.4023 1.57580412 -108
12.4219 1.56923515 -108
12.4414 1.56447725 -108
12.4609 1.56152669 -109
12.4805 1.55679699 -109
12.5000 1.55385329 -109
12.5195 1.55091139 -109
12.5391 1.54442337 -109
12.5586 1.53794650 -109
12.5781 1.53679183 -109
12.5977 1.53387957 -109
12.6172 1.53095698 -109
12.6367 1.52452193 -110
12.6563 1.52162194 -110
12.6758 1.51871184 -110
12.6953 1.51580372 -110
12.7148 1.51115681 -110
12.7344 1.50653244 -110
12.7539 1.50363701 -110
12.7734 1.50074364 -110
12.7930 1.49614057 -110
12.8125 1.49153648 -111
12.8320 1.48694310 -111
12.8516 1.48407962 -111
12.8711 1.48120669 -111
12.8906 1.47663491 -111
12.9102 1.47208528 -111
12.9297 1.46753493 -111
12.9492 1.46299533 -111
12.9688 1.46183984 -111
12.9883 1.45731123 -112
13.0078 1.45446693 -112
13.0273 1.44995463 -112
13.0469 1.44879632 -112
13.0664 1.44429514 -112
13.0859 1.44146333 -112
13.1055 1.43698950 -112
13.1250 1.43416564 -112
13.1445 1.42805216 -112
13.1641 1.42525040 -113
13.1836 1.42244020 -113
13.2031 1.41963243 -113
13.2227 1.41520758 -113
13.2422 1.41078276 -113
13.2617 1.40798880 -113
13.2813 1.40520791 -113
13.3008 1.40080526 -113
13.3203 1.39802200 -113
13.3398 1.39524128 -113
13.3594 1.39247355 -113
13.3789 1.38809889 -114
13.3984 1.38373504 -114
13.4180 1.38098127 -114
13.4375 1.37821978 -114
13.4570 1.37546091 -114
13.4766 1.37271487 -114
13.4961 1.36838495 -114
13.5156 1.36406583 -114
13.5352 1.36133396 -114
13.5547 1.35859468 -115
13.5742 1.35585811 -115
13.5938 1.35157726 -115
13.6133 1.34884925 -115
13.6328 1.34457510 -115
13.6523 1.34031174 -115
13.6719 1.33606896 -115
13.6914 1.33336134 -115
13.7109 1.33065651 -115
13.7305 1.32796415 -115
13.7500 1.32679155 -115
13.7695 1.32409203 -116
13.7891 1.32140493 -116
13.8086 1.31871106 -116
13.8281 1.31602007 -116
13.8477 1.31183027 -116
13.8672 1.30764175 -116
13.8867 1.30496557 -116
13.9063 1.30230166 -116
13.9258 1.29813588 -116
13.9453 1.29547150 -116
13.9648 1.29281005 -116
13.9844 1.28867629 -117
14.0039 1.28602378 -117
14.0234 1.28189756 -117
14.0430 1.28073682 -117
14.0625 1.27662262 -117
14.0820 1.27398507 -117
14.1016 1.26989669 -117
14.1211 1.26581002 -117
14.1406 1.26318755 -117
14.1602 1.26202915 -117
14.1797 1.25940973 -117
14.1992 1.25679336 -118
14.2188 1.25274577 -118
14.2383 1.25013853 -118
14.2578 1.24753437 -118
14.2773 1.24350085 -118
14.2969 1.24091456 -118
14.3164 1.23689782 -118
14.3359 1.23431203 -118
14.3555 1.23173795 -118
14.3750 1.22915840 -118
14.3945 1.22658199 -118
14.4141 1.22401723 -119
14.4336 1.22004167 -119
14.4531 1.21747768 -119
14.4727 1.21492525 -119
14.4922 1.21376419 -119
14.5117 1.20981312 -119
14.5313 1.20727017 -119
14.5508 1.20333589 -119
14.5703 1.20079396 -119
14.5898 1.19825524 -119
14.6094 1.19572795 -119
14.6289 1.19457019 -120
14.6484 1.19203825 -120
14.6680 1.18814898 -120
14.6875 1.18426223 -120
14.7070 1.18038612 -120
14.7266 1.17788391 -120
14.7461 1.17673095 -120
14.7656 1.17422440 -120
14.7852 1.17038084 -120
14.8047 1.16922909 -120
14.8242 1.16807644 -120
14.8438 1.16558807 -120
14.8633 1.16309515 -121
14.8828 1.15927013 -121
14.9023 1.15678674 -121
14.9219 1.15298624 -121
14.9414 1.15051237 -121
14.9609 1.14672088 -121
14.9805 1.14426420 -121
15.0000 1.14180321 -121
15.0195 1.13934559 -121
15.0391 1.13689890 -121
15.0586 1.13314268 -121
15.0781 1.13069799 -121
15.0977 1.12826416 -121
15.1172 1.12582622 -122
15.1367 1.12209907 -122
15.1563 1.11967812 -122
15.1758 1.11596762 -122
15.1953 1.11354886 -122
15.2148 1.11113352 -122
15.2344 1.10745313 -122
15.2539 1.10504737 -122
15.2734 1.10137630 -122
15.2930 1.09772281 -122
15.3125 1.09407250 -122
15.3320 1.09168869 -122
15.3516 1.08806201 -123
15.3711 1.08443855 -123
15.3906 1.08082542 -123
15.4102 1.07599010 -123
15.4297 1.07240167 -123
15.4492 1.06882350 -123
15.4688 1.06403674 -123
15.4883 1.05926288 -123
15.5078 1.05572351 -123
15.5273 1.05098361 -123
15.5469 1.04747533 -123
15.5664 1.04276918 -123
15.5859 1.03808254 -123
15.6055 1.03342196 -124
15.6250 1.02759037 -124
15.6445 1.02296715 -124
15.6641 1.01719788 -124
15.6836 1.01378476 -124
15.7031 1.00805771 -124
15.7227 1.00352253 -124
15.7422 0.99785038 -124
15.7617 0.99106710 -124
15.7813 0.98433466 -124
15.8008 0.97764026 -124
15.8203 0.97098991 -124
15.8398 0.96660646 -124
15.8594 0.95892966 -124
15.8789 0.95349938 -125
15.8984 0.94700750 -125
15.9180 0.94056432 -125
15.9375 0.93308283 -125
15.9570 0.92672578 -125
15.9766 0.91935737 -125
15.9961 0.91204047 -125
16.0156 0.90269952 -125
16.0352 0.89448772 -125
16.0547 0.88736480 -125
16.0742 0.88131136 -125
16.0938 0.87329023 -125
16.1133 0.86433976 -125
16.1328 0.85646526 -126
16.1523 0.84768475 -126
16.1719 0.83899823 -126
16.1914 0.82943890 -126
16.2109 0.81998730 -126
16.2305 0.81251596 -126
16.2500 0.80325487 -126
16.2695 0.79409819 -126
16.2891 0.78324402 -126
16.3086 0.77431323 -126
16.3281 0.76636498 -126
16.3477 0.75675737 -126
16.3672 0.74812538 -126
16.3867 0.73873981 -126
16.4063 0.72779765 -126
16.4258 0.71701218 -126
16.4453 0.70638554 -127
16.4648 0.69751967 -127
16.4844 0.68718417 -127
16.5039 0.67777662 -127
16.5234 0.66619201 -127
16.5430 0.65631793 -127
16.5625 0.64658540 -127
16.5820 0.63626335 -127
16.6016 0.62610900 -127
16.6211 0.61540322 -127
16.6406 0.60418367 -127
16.6602 0.59385472 -127
16.6797 0.58302642 -128
16.6992 0.57305416 -128
16.7188 0.56260696 -128
16.7383 0.55234617 -128
16.7578 0.54164782 -128
16.7773 0.53054481 -128
16.7969 0.52027042 -128
16.8164 0.51019128 -128
16.8359 0.49858170 -128
16.8555 0.48892432 -128
16.8750 0.47889884 -128
16.8945 0.46961866 -128
16.9141 0.45840452 -128
16.9336 0.44694007 -128
16.9531 0.43777315 -129
16.9727 0.42682607 -129
16.9922 0.41662911 -129
17.0117 0.40667522 -129
17.0313 0.39833439 -129
17.0508 0.38926447 -129
17.0703 0.38040057 -129
17.0898 0.37003004 -129
17.1094 0.36077362 -129
17.1289 0.34892290 -129
17.1484 0.34019162 -129
17.1680 0.33129868 -129
17.1875 0.32337967 -129
17.2070 0.31492356 -129
17.2266 0.30563253 -129
17.2461 0.29763973 -129
17.2656 0.28852382 -129
17.2852 0.28033312 -129
17.3047 0.27143389 -130
17.3242 0.26463860 -130
17.3438 0.25564909 -130
17.3633 0.24781767 -130
17.3828 0.23912211 -130
17.4023 0.23233073 -130
17.4219 0.22469609 -130
17.4414 0.21706077 -130
17.4609 0.20992619 -130
17.4805 0.20302702 -130
17.5000 0.19612730 -130
17.5195 0.18880857 -130
17.5391 0.18239264 -130
17.5586 0.17659967 -130
17.5781 0.17118745 -130
17.5977 0.16423129 -130
17.6172 0.15810183 -130
17.6367 0.15167616 -131
17.6563 0.14584774 -131
17.6758 0.14040387 -131
17.6953 0.13438721 -131
17.7148 0.12966903 -131
17.7344 0.12468566 -131
17.7539 0.12003110 -131
17.7734 0.11515174 -131
17.7930 0.10983713 -131
17.8125 0.10537192 -131
17.8320 0.10062365 -131
17.8516 0.09642222 -131
17.8711 0.09260859 -131
17.8906 0.08843515 -131
17.9102 0.08483996 -131
17.9297 0.08101642 -131
17.9492 0.07754345 -132
17.9688 0.07370875 -132
17.9883 0.07087452 -132
18.0078 0.06744669 -132
18.0273 0.06433254 -132
18.0469 0.06072991 -132
18.0664 0.05785909 -132
18.0859 0.05506050 -132
18.1055 0.05197692 -132
18.1250 0.04951970 -132
18.1445 0.04707009 -132
18.1641 0.04500014 -132
18.1836 0.04252848 -133
18.2031 0.04005395 -132
18.2227 0.03776702 -132
18.2422 0.03606428 -132
18.2617 0.03420119 -133
18.2813 0.03228547 -133
18.3008 0.03016269 -133
18.3203 0.02837479 -133
18.3398 0.02663144 -133
18.3594 0.02513961 -133
18.3789 0.02370388 -133
18.3984 0.02229873 -133
18.4180 0.02095282 -133
18.4375 0.01971070 -133
18.4570 0.01860635 -133
18.4766 0.01748325 -133
18.4961 0.01635235 -133
18.5156 0.01529459 -133
18.5352 0.01432179 -134
18.5547 0.01342623 -134
18.5742 0.01251440 -134
18.5938 0.01163773 -134
18.6133 0.01082239 -134
18.6328 0.01008737 -134
18.6523 0.00948926 -133
18.6719 0.00883463 -133
18.6914 0.00823459 -133
18.7109 0.00753520 -134
18.7305 0.00700728 -134
18.7500 0.00645656 -134
18.7695 0.00594227 -134
18.7891 0.00546898 -134
18.8086 0.00509749 -134
18.8281 0.00473485 -134
18.8477 0.00438287 -134
18.8672 0.00401058 -134
18.8867 0.00369535 -134
18.9063 0.00338148 -134
18.9258 0.00311569 -134
18.9453 0.00282489 -135
18.9648 0.00258790 -135
18.9844 0.00237901 -135
19.0039 0.00216942 -135
19.0234 0.00197828 -135
19.0430 0.00178540 -135
19.0625 0.00163938 -135
19.0820 0.00147613 -135
19.1016 0.00133527 -134
19.1211 0.00120785 -135
19.1406 0.00109637 -135
19.1602 0.00099518 -135
19.1797 0.00089093 -134
19.1992 0.00080498 -134
19.2188 0.00072732 -135
19.2383 0.00066553 -136
19.2578 0.00059994 -137
19.2773 0.00053462 -137
19.2969 0.00046880 -137
19.3164 0.00041250 -134
19.3359 0.00035226 -134
19.3555 0.00031975 -135
19.3750 0.00028297 -136
19.3945 0.00026012 -136
19.4141 0.00023530 -135
19.4336 0.00021162 -137
19.4531 0.00018386 -135
19.4727 0.00014755 -132
19.4922 0.00012256 -127
19.5117 0.00010406 -126
STOP
