begin IMS2.0
msg_type COMMAND_RESPONSE
msg_id CAL_2020_1_YKAT1_cr
ref_id CAL_2020_1_YKAT1_cs
time_stamp 2022/11/30 19:09

sta_list YKAT1
chan_list SHZ
CALIBRATE_RESULT
CALIB 4.1927020719191555e-09
CALPER 0.1
in_spec NO
data_type RESPONSE IMS2.0
CAL2 YKAT1 SHZ      S-13    4.19270207e-09   0.100    40.00000 2020/05/27 20:00 2020/05/27 20:10
FAP2  1 V         0.000 799 Input units: m/s         
    0.04000  2.17291028e+05   -3
    0.06000  4.95752132e+05   -4
    0.08000  9.32411871e+05   -7
    0.10000  1.39578557e+06   -9
    0.12000  1.95742468e+06  -10
    0.14000  2.70669975e+06  -11
    0.16000  3.52604358e+06  -13
    0.18000  4.55256525e+06  -14
    0.20000  5.58860188e+06  -16
    0.22000  6.80500572e+06  -18
    0.24000  7.99712314e+06  -19
    0.26000  9.41556975e+06  -21
    0.28000  1.09103895e+07  -23
    0.30000  1.26334622e+07  -24
    0.32000  1.42941218e+07  -26
    0.34000  1.62508708e+07  -28
    0.36000  1.80967396e+07  -30
    0.38000  1.99750997e+07  -31
    0.40000  2.22513973e+07  -33
    0.42000  2.47755400e+07  -35
    0.44000  2.69043832e+07  -37
    0.46000  2.92743759e+07  -39
    0.48000  3.19438348e+07  -41
    0.50000  3.44367156e+07  -43
    0.52000  3.69735118e+07  -44
    0.54000  4.03577541e+07  -47
    0.56000  4.28557008e+07  -49
    0.58000  4.56780244e+07  -51
    0.60000  4.85371299e+07  -53
    0.62000  5.13550768e+07  -55
    0.64000  5.40222300e+07  -57
    0.66000  5.72089815e+07  -59
    0.68000  6.02105589e+07  -61
    0.70000  6.32754905e+07  -63
    0.72000  6.62482750e+07  -65
    0.74000  6.90526581e+07  -67
    0.76000  7.20679283e+07  -69
    0.78000  7.47465628e+07  -71
    0.80000  7.79169211e+07  -73
    0.82000  8.04642917e+07  -75
    0.84000  8.30506679e+07  -77
    0.86000  8.54444047e+07  -79
    0.88000  8.81460685e+07  -81
    0.90000  9.07655939e+07  -83
    0.92000  9.32232157e+07  -85
    0.94000  9.52400138e+07  -86
    0.96000  9.74826443e+07  -88
    0.98000  9.96918761e+07  -90
    1.00000  1.01945717e+08  -92
    1.02000  1.03476511e+08  -93
    1.04000  1.05011104e+08  -95
    1.06000  1.07198547e+08  -97
    1.08000  1.09085471e+08  -99
    1.10000  1.10476632e+08 -100
    1.12000  1.12170739e+08 -101
    1.14000  1.13553075e+08 -103
    1.16000  1.14383040e+08 -105
    1.18000  1.15981197e+08 -106
    1.20000  1.17241683e+08 -107
    1.22000  1.18255502e+08 -109
    1.24000  1.19146829e+08 -110
    1.26000  1.19858590e+08 -111
    1.28000  1.21015833e+08 -112
    1.30000  1.22055572e+08 -113
    1.32000  1.22873641e+08 -115
    1.34000  1.23599735e+08 -116
    1.36000  1.24159657e+08 -117
    1.38000  1.25126418e+08 -118
    1.40000  1.25411630e+08 -119
    1.42000  1.26302834e+08 -120
    1.44000  1.27091842e+08 -121
    1.46000  1.27555753e+08 -122
    1.48000  1.27851845e+08 -123
    1.50000  1.28122316e+08 -124
    1.52000  1.28945372e+08 -125
    1.54000  1.29216301e+08 -125
    1.56000  1.29480176e+08 -126
    1.58000  1.29676427e+08 -127
    1.60000  1.30098824e+08 -128
    1.62000  1.30517292e+08 -129
    1.64000  1.30550434e+08 -130
    1.66000  1.31199125e+08 -130
    1.68000  1.31342271e+08 -131
    1.70000  1.31601183e+08 -132
    1.72000  1.32193746e+08 -132
    1.74000  1.32038753e+08 -133
    1.76000  1.32411417e+08 -133
    1.78000  1.32403636e+08 -134
    1.80000  1.32708491e+08 -135
    1.82000  1.32827556e+08 -135
    1.84000  1.33042668e+08 -136
    1.86000  1.33244309e+08 -136
    1.88000  1.33177129e+08 -137
    1.90000  1.33338474e+08 -138
    1.92000  1.33592541e+08 -138
    1.94000  1.33508343e+08 -139
    1.96000  1.33966748e+08 -139
    1.98000  1.34120927e+08 -140
    2.00000  1.34048935e+08 -140
    2.02000  1.33903874e+08 -141
    2.04000  1.34161555e+08 -141
    2.06000  1.34435615e+08 -141
    2.08000  1.34309586e+08 -142
    2.10000  1.34161102e+08 -142
    2.12000  1.34461746e+08 -143
    2.14000  1.34667340e+08 -143
    2.16000  1.34707478e+08 -144
    2.18000  1.34587575e+08 -144
    2.20000  1.34763599e+08 -144
    2.22000  1.34882700e+08 -145
    2.24000  1.34722977e+08 -145
    2.26000  1.34831045e+08 -146
    2.28000  1.34924137e+08 -146
    2.30000  1.34941995e+08 -146
    2.32000  1.34988608e+08 -147
    2.34000  1.35054553e+08 -147
    2.36000  1.35307780e+08 -147
    2.38000  1.35310037e+08 -148
    2.40000  1.35119956e+08 -148
    2.42000  1.34925441e+08 -148
    2.44000  1.35372715e+08 -148
    2.46000  1.35342648e+08 -149
    2.48000  1.35183881e+08 -149
    2.50000  1.35290372e+08 -149
    2.52000  1.35316113e+08 -150
    2.54000  1.35530013e+08 -150
    2.56000  1.35342986e+08 -150
    2.58000  1.35362730e+08 -151
    2.60000  1.35410245e+08 -151
    2.62000  1.35475379e+08 -151
    2.64000  1.35500333e+08 -151
    2.66000  1.35501492e+08 -152
    2.68000  1.35578392e+08 -152
    2.70000  1.35546297e+08 -152
    2.72000  1.35594627e+08 -152
    2.74000  1.35708765e+08 -153
    2.76000  1.35508994e+08 -153
    2.78000  1.35530094e+08 -153
    2.80000  1.35694897e+08 -153
    2.82000  1.35515086e+08 -154
    2.84000  1.35556388e+08 -154
    2.86000  1.35703295e+08 -154
    2.88000  1.35439694e+08 -154
    2.90000  1.35693450e+08 -154
    2.92000  1.35812142e+08 -155
    2.94000  1.35552239e+08 -155
    2.96000  1.35612678e+08 -155
    2.98000  1.35830749e+08 -155
    3.00000  1.35356437e+08 -156
    3.02000  1.35632536e+08 -156
    3.04000  1.35527749e+08 -156
    3.06000  1.35864554e+08 -156
    3.08000  1.35559177e+08 -156
    3.10000  1.35764456e+08 -156
    3.12000  1.35727344e+08 -157
    3.14000  1.35765938e+08 -157
    3.16000  1.35928478e+08 -157
    3.18000  1.36010807e+08 -157
    3.20000  1.35848729e+08 -157
    3.22000  1.35795344e+08 -158
    3.24000  1.35890033e+08 -158
    3.26000  1.35652899e+08 -158
    3.28000  1.35839896e+08 -158
    3.30000  1.35850587e+08 -158
    3.32000  1.35820758e+08 -158
    3.34000  1.35786586e+08 -159
    3.36000  1.35853530e+08 -159
    3.38000  1.35910450e+08 -159
    3.40000  1.35814619e+08 -159
    3.42000  1.35999931e+08 -159
    3.44000  1.35901458e+08 -159
    3.46000  1.35848182e+08 -160
    3.48000  1.35950286e+08 -160
    3.50000  1.35764880e+08 -160
    3.52000  1.36002703e+08 -160
    3.54000  1.36046350e+08 -160
    3.56000  1.35977112e+08 -160
    3.58000  1.36071373e+08 -160
    3.60000  1.35947140e+08 -161
    3.62000  1.36166370e+08 -161
    3.64000  1.36049416e+08 -161
    3.66000  1.35850639e+08 -161
    3.68000  1.35928831e+08 -161
    3.70000  1.36060491e+08 -161
    3.72000  1.36117436e+08 -161
    3.74000  1.35837329e+08 -162
    3.76000  1.36089228e+08 -162
    3.78000  1.35982859e+08 -162
    3.80000  1.36095732e+08 -162
    3.82000  1.36045868e+08 -162
    3.84000  1.36070550e+08 -162
    3.86000  1.35949104e+08 -162
    3.88000  1.36011477e+08 -162
    3.90000  1.36019683e+08 -163
    3.92000  1.36064710e+08 -163
    3.94000  1.35978167e+08 -163
    3.96000  1.35987044e+08 -163
    3.98000  1.36054234e+08 -163
    4.00000  1.36164460e+08 -163
    4.02000  1.36208040e+08 -163
    4.04000  1.36334028e+08 -163
    4.06000  1.35951944e+08 -163
    4.08000  1.35967053e+08 -164
    4.10000  1.36213104e+08 -164
    4.12000  1.36116881e+08 -164
    4.14000  1.36125449e+08 -164
    4.16000  1.36074521e+08 -164
    4.18000  1.35977344e+08 -164
    4.20000  1.35982768e+08 -164
    4.22000  1.36062679e+08 -164
    4.24000  1.35994782e+08 -165
    4.26000  1.36210923e+08 -165
    4.28000  1.36184301e+08 -165
    4.30000  1.36184863e+08 -165
    4.32000  1.36257392e+08 -165
    4.34000  1.36234367e+08 -165
    4.36000  1.36202495e+08 -165
    4.38000  1.36347145e+08 -165
    4.40000  1.36085843e+08 -165
    4.42000  1.36245390e+08 -165
    4.44000  1.36200434e+08 -165
    4.46000  1.36174371e+08 -166
    4.48000  1.36335179e+08 -166
    4.50000  1.36064888e+08 -166
    4.52000  1.36107059e+08 -166
    4.54000  1.36201764e+08 -166
    4.56000  1.36315936e+08 -166
    4.58000  1.36482638e+08 -166
    4.60000  1.36083624e+08 -166
    4.62000  1.36120175e+08 -166
    4.64000  1.36170216e+08 -166
    4.66000  1.36153301e+08 -167
    4.68000  1.36179324e+08 -167
    4.70000  1.36337546e+08 -167
    4.72000  1.36354802e+08 -167
    4.74000  1.36274855e+08 -167
    4.76000  1.36269003e+08 -167
    4.78000  1.36205709e+08 -167
    4.80000  1.36252742e+08 -167
    4.82000  1.36399600e+08 -167
    4.84000  1.36306089e+08 -167
    4.86000  1.36300379e+08 -167
    4.88000  1.36352314e+08 -168
    4.90000  1.36396059e+08 -168
    4.92000  1.36380446e+08 -168
    4.94000  1.36348839e+08 -168
    4.96000  1.36328518e+08 -168
    4.98000  1.36265843e+08 -168
    5.00000  1.36317458e+08 -168
    5.02000  1.36499471e+08 -168
    5.04000  1.36300678e+08 -168
    5.06000  1.36262505e+08 -168
    5.08000  1.36362724e+08 -168
    5.10000  1.36346201e+08 -168
    5.12000  1.36412478e+08 -168
    5.14000  1.36448317e+08 -169
    5.16000  1.36500592e+08 -169
    5.18000  1.36561382e+08 -169
    5.20000  1.36669899e+08 -169
    5.22000  1.36366765e+08 -169
    5.24000  1.36417149e+08 -169
    5.26000  1.36498869e+08 -169
    5.28000  1.36337795e+08 -169
    5.30000  1.36415310e+08 -169
    5.32000  1.36519506e+08 -169
    5.34000  1.36546300e+08 -169
    5.36000  1.36502763e+08 -169
    5.38000  1.36409829e+08 -169
    5.40000  1.36530086e+08 -170
    5.42000  1.36494168e+08 -170
    5.44000  1.36611572e+08 -170
    5.46000  1.36519610e+08 -170
    5.48000  1.36312187e+08 -170
    5.50000  1.36314072e+08 -170
    5.52000  1.36472807e+08 -170
    5.54000  1.36649877e+08 -170
    5.56000  1.36468296e+08 -170
    5.58000  1.36466163e+08 -170
    5.60000  1.36579062e+08 -170
    5.62000  1.36360672e+08 -170
    5.64000  1.36449648e+08 -170
    5.66000  1.36460467e+08 -170
    5.68000  1.36530904e+08 -171
    5.70000  1.36433505e+08 -171
    5.72000  1.36332406e+08 -171
    5.74000  1.36499306e+08 -171
    5.76000  1.36465163e+08 -171
    5.78000  1.36441514e+08 -171
    5.80000  1.36736457e+08 -171
    5.82000  1.36542557e+08 -171
    5.84000  1.36580640e+08 -171
    5.86000  1.36568669e+08 -171
    5.88000  1.36602651e+08 -171
    5.90000  1.36416602e+08 -171
    5.92000  1.36514546e+08 -171
    5.94000  1.36648486e+08 -171
    5.96000  1.36546346e+08 -171
    5.98000  1.36515217e+08 -171
    6.00000  1.36616557e+08 -172
    6.02000  1.36448754e+08 -172
    6.04000  1.36544230e+08 -172
    6.06000  1.36532992e+08 -172
    6.08000  1.36529566e+08 -172
    6.10000  1.36462003e+08 -172
    6.12000  1.36543016e+08 -172
    6.14000  1.36659629e+08 -172
    6.16000  1.36643623e+08 -172
    6.18000  1.36634626e+08 -172
    6.20000  1.36601988e+08 -172
    6.22000  1.36643928e+08 -172
    6.24000  1.36669261e+08 -172
    6.26000  1.36486574e+08 -172
    6.28000  1.36619425e+08 -172
    6.30000  1.36651279e+08 -172
    6.32000  1.36549814e+08 -172
    6.34000  1.36592921e+08 -173
    6.36000  1.36671147e+08 -173
    6.38000  1.36560070e+08 -173
    6.40000  1.36492112e+08 -173
    6.42000  1.36691409e+08 -173
    6.44000  1.36676026e+08 -173
    6.46000  1.36655017e+08 -173
    6.48000  1.36598120e+08 -173
    6.50000  1.36628840e+08 -173
    6.52000  1.36443825e+08 -173
    6.54000  1.36679553e+08 -173
    6.56000  1.36632717e+08 -173
    6.58000  1.36624259e+08 -173
    6.60000  1.36798354e+08 -173
    6.62000  1.36764757e+08 -173
    6.64000  1.36684752e+08 -173
    6.66000  1.36612389e+08 -173
    6.68000  1.36696741e+08 -174
    6.70000  1.36840311e+08 -174
    6.72000  1.36683563e+08 -174
    6.74000  1.36718056e+08 -174
    6.76000  1.36766844e+08 -174
    6.78000  1.36614247e+08 -174
    6.80000  1.36626645e+08 -174
    6.82000  1.36672969e+08 -174
    6.84000  1.36645632e+08 -174
    6.86000  1.36728126e+08 -174
    6.88000  1.36803649e+08 -174
    6.90000  1.36725775e+08 -174
    6.92000  1.36755304e+08 -174
    6.94000  1.36768355e+08 -174
    6.96000  1.36810708e+08 -174
    6.98000  1.36716077e+08 -174
    7.00000  1.36736344e+08 -174
    7.02000  1.36731696e+08 -174
    7.04000  1.36832655e+08 -174
    7.06000  1.36654494e+08 -175
    7.08000  1.36794376e+08 -175
    7.10000  1.36693193e+08 -175
    7.12000  1.36604143e+08 -175
    7.14000  1.36600537e+08 -175
    7.16000  1.36595412e+08 -175
    7.18000  1.36656104e+08 -175
    7.20000  1.36658349e+08 -175
    7.22000  1.36758238e+08 -175
    7.24000  1.36547187e+08 -175
    7.26000  1.36694372e+08 -175
    7.28000  1.36602294e+08 -175
    7.30000  1.36616028e+08 -175
    7.32000  1.36764756e+08 -175
    7.34000  1.36658702e+08 -175
    7.36000  1.36734799e+08 -175
    7.38000  1.36604822e+08 -175
    7.40000  1.36768127e+08 -175
    7.42000  1.36672633e+08 -175
    7.44000  1.36681518e+08 -176
    7.46000  1.36584750e+08 -176
    7.48000  1.36600651e+08 -176
    7.50000  1.36643375e+08 -176
    7.52000  1.36733850e+08 -176
    7.54000  1.36700784e+08 -176
    7.56000  1.36762951e+08 -176
    7.58000  1.36804147e+08 -176
    7.60000  1.36602041e+08 -176
    7.62000  1.36583326e+08 -176
    7.64000  1.36612087e+08 -176
    7.66000  1.36646344e+08 -176
    7.68000  1.36656809e+08 -176
    7.70000  1.36626771e+08 -176
    7.72000  1.36793545e+08 -176
    7.74000  1.36773142e+08 -176
    7.76000  1.36532357e+08 -176
    7.78000  1.36513995e+08 -176
    7.80000  1.36659460e+08 -176
    7.82000  1.36668722e+08 -176
    7.84000  1.36687330e+08 -176
    7.86000  1.36687749e+08 -177
    7.88000  1.36738322e+08 -177
    7.90000  1.36681812e+08 -177
    7.92000  1.36716078e+08 -177
    7.94000  1.36557791e+08 -177
    7.96000  1.36608167e+08 -177
    7.98000  1.36638900e+08 -177
    8.00000  1.36679554e+08 -177
    8.02000  1.36816904e+08 -177
    8.04000  1.36696153e+08 -177
    8.06000  1.36597631e+08 -177
    8.08000  1.36597098e+08 -177
    8.10000  1.36640189e+08 -177
    8.12000  1.36590982e+08 -177
    8.14000  1.36542031e+08 -177
    8.16000  1.36556880e+08 -177
    8.18000  1.36513425e+08 -177
    8.20000  1.36608349e+08 -177
    8.22000  1.36435018e+08 -177
    8.24000  1.36483714e+08 -177
    8.26000  1.36443400e+08 -177
    8.28000  1.36506288e+08 -177
    8.30000  1.36599371e+08 -177
    8.32000  1.36643741e+08 -178
    8.34000  1.36549575e+08 -178
    8.36000  1.36569980e+08 -178
    8.38000  1.36607684e+08 -178
    8.40000  1.36637996e+08 -178
    8.42000  1.36415851e+08 -178
    8.44000  1.36508647e+08 -178
    8.46000  1.36502784e+08 -178
    8.48000  1.36482121e+08 -178
    8.50000  1.36413439e+08 -178
    8.52000  1.36466877e+08 -178
    8.54000  1.36445440e+08 -178
    8.56000  1.36480069e+08 -178
    8.58000  1.36560233e+08 -178
    8.60000  1.36534211e+08 -178
    8.62000  1.36417151e+08 -178
    8.64000  1.36481987e+08 -178
    8.66000  1.36440833e+08 -178
    8.68000  1.36500859e+08 -178
    8.70000  1.36458249e+08 -178
    8.72000  1.36485038e+08 -178
    8.74000  1.36517430e+08 -178
    8.76000  1.36698107e+08 -178
    8.78000  1.36577568e+08 -178
    8.80000  1.36434382e+08 -179
    8.82000  1.36294265e+08 -179
    8.84000  1.36377528e+08 -179
    8.86000  1.36387467e+08 -179
    8.88000  1.36422314e+08 -179
    8.90000  1.36463369e+08 -179
    8.92000  1.36364859e+08 -179
    8.94000  1.36360591e+08 -179
    8.96000  1.36414616e+08 -179
    8.98000  1.36416075e+08 -179
    9.00000  1.36425460e+08 -179
    9.02000  1.36427148e+08 -179
    9.04000  1.36410713e+08 -179
    9.06000  1.36288106e+08 -179
    9.08000  1.36297931e+08 -179
    9.10000  1.36331906e+08 -179
    9.12000  1.36269997e+08 -179
    9.14000  1.36467965e+08 -179
    9.16000  1.36287674e+08 -179
    9.18000  1.36086435e+08 -179
    9.20000  1.36254683e+08 -179
    9.22000  1.36382863e+08 -179
    9.24000  1.36377035e+08 -179
    9.26000  1.36321212e+08 -180
    9.28000  1.36238427e+08 -180
    9.30000  1.36168719e+08 -180
    9.32000  1.36179373e+08 -180
    9.34000  1.36388907e+08 -180
    9.36000  1.36263852e+08 -180
    9.38000  1.36193508e+08 -180
    9.40000  1.36197629e+08 -180
    9.42000  1.36233568e+08 -180
    9.44000  1.36122251e+08 -180
    9.46000  1.35990003e+08 -180
    9.48000  1.35957348e+08  180
    9.50000  1.35937753e+08  180
    9.52000  1.35955903e+08  180
    9.54000  1.36184580e+08  180
    9.56000  1.36254504e+08  180
    9.58000  1.36093566e+08  180
    9.60000  1.36087135e+08  180
    9.62000  1.36188037e+08  180
    9.64000  1.36080684e+08  180
    9.66000  1.36007265e+08  180
    9.68000  1.36088713e+08  180
    9.70000  1.36077420e+08  180
    9.72000  1.35985522e+08  180
    9.74000  1.35970882e+08  180
    9.76000  1.36124336e+08  180
    9.78000  1.36110488e+08  179
    9.80000  1.35993557e+08  179
    9.82000  1.36054743e+08  179
    9.84000  1.36034890e+08  179
    9.86000  1.35912049e+08  179
    9.88000  1.35923314e+08  179
    9.90000  1.35740626e+08  179
    9.92000  1.35712115e+08  179
    9.94000  1.35873594e+08  179
    9.96000  1.36040013e+08  179
    9.98000  1.35976208e+08  179
   10.00000  1.35897559e+08  179
   10.02000  1.35972094e+08  179
   10.04000  1.35804683e+08  179
   10.06000  1.35709639e+08  179
   10.08000  1.35785067e+08  179
   10.10000  1.35724361e+08  179
   10.12000  1.35698073e+08  179
   10.14000  1.35687060e+08  179
   10.16000  1.35781831e+08  179
   10.18000  1.35752425e+08  179
   10.20000  1.35820265e+08  179
   10.22000  1.35869312e+08  179
   10.24000  1.35744211e+08  179
   10.26000  1.35717117e+08  179
   10.28000  1.35731261e+08  179
   10.30000  1.35624888e+08  179
   10.32000  1.35659057e+08  178
   10.34000  1.35535347e+08  179
   10.36000  1.35592437e+08  178
   10.38000  1.35678204e+08  178
   10.40000  1.35747700e+08  178
   10.42000  1.35781207e+08  178
   10.44000  1.35675731e+08  178
   10.46000  1.35460240e+08  178
   10.48000  1.35485274e+08  178
   10.50000  1.35504267e+08  178
   10.52000  1.35412309e+08  178
   10.54000  1.35424470e+08  178
   10.56000  1.35533366e+08  178
   10.58000  1.35540006e+08  178
   10.60000  1.35508339e+08  178
   10.62000  1.35384080e+08  178
   10.64000  1.35469745e+08  178
   10.66000  1.35324397e+08  178
   10.68000  1.35321287e+08  178
   10.70000  1.35479449e+08  178
   10.72000  1.35466735e+08  178
   10.74000  1.35313630e+08  178
   10.76000  1.35280697e+08  178
   10.78000  1.35240692e+08  178
   10.80000  1.35325321e+08  178
   10.82000  1.35223773e+08  178
   10.84000  1.35157062e+08  177
   10.86000  1.35136157e+08  177
   10.88000  1.35244008e+08  178
   10.90000  1.35276227e+08  177
   10.92000  1.35232299e+08  177
   10.94000  1.35146448e+08  177
   10.96000  1.35216274e+08  177
   10.98000  1.35163703e+08  177
   11.00000  1.35034037e+08  177
   11.02000  1.35058981e+08  177
   11.04000  1.35201218e+08  177
   11.06000  1.35132051e+08  177
   11.08000  1.35081664e+08  177
   11.10000  1.34874168e+08  177
   11.12000  1.34985030e+08  177
   11.14000  1.35055165e+08  177
   11.16000  1.35063448e+08  177
   11.18000  1.35008811e+08  177
   11.20000  1.34923016e+08  177
   11.22000  1.35076683e+08  177
   11.24000  1.35022743e+08  177
   11.26000  1.34961600e+08  177
   11.28000  1.34902796e+08  177
   11.30000  1.34964820e+08  177
   11.32000  1.34870264e+08  177
   11.34000  1.34901739e+08  177
   11.36000  1.34872071e+08  177
   11.38000  1.34957092e+08  177
   11.40000  1.34773869e+08  177
   11.42000  1.34660672e+08  177
   11.44000  1.34709734e+08  176
   11.46000  1.34699088e+08  176
   11.48000  1.34502020e+08  176
   11.50000  1.34584711e+08  176
   11.52000  1.34634150e+08  176
   11.54000  1.34706418e+08  176
   11.56000  1.34786401e+08  176
   11.58000  1.34594466e+08  176
   11.60000  1.34584093e+08  176
   11.62000  1.34594909e+08  176
   11.64000  1.34579216e+08  176
   11.66000  1.34465603e+08  176
   11.68000  1.34398201e+08  176
   11.70000  1.34451881e+08  176
   11.72000  1.34451058e+08  176
   11.74000  1.34456400e+08  176
   11.76000  1.34466882e+08  176
   11.78000  1.34477630e+08  176
   11.80000  1.34443270e+08  176
   11.82000  1.34371042e+08  176
   11.84000  1.34387200e+08  176
   11.86000  1.34350345e+08  176
   11.88000  1.34274610e+08  176
   11.90000  1.34272577e+08  176
   11.92000  1.34246142e+08  176
   11.94000  1.34272435e+08  176
   11.96000  1.34244415e+08  176
   11.98000  1.34199414e+08  176
   12.00000  1.34298248e+08  176
   12.02000  1.34235672e+08  176
   12.04000  1.33957037e+08  176
   12.06000  1.33991726e+08  176
   12.08000  1.34204774e+08  175
   12.10000  1.34122923e+08  175
   12.12000  1.34191573e+08  175
   12.14000  1.34187931e+08  175
   12.16000  1.33982024e+08  175
   12.18000  1.34047106e+08  175
   12.20000  1.34150057e+08  175
   12.22000  1.33913416e+08  175
   12.24000  1.33889390e+08  175
   12.26000  1.33960978e+08  175
   12.28000  1.33801099e+08  175
   12.30000  1.33740639e+08  175
   12.32000  1.33974417e+08  175
   12.34000  1.33911267e+08  175
   12.36000  1.33747251e+08  175
   12.38000  1.33702367e+08  175
   12.40000  1.33678859e+08  175
   12.42000  1.33713363e+08  175
   12.44000  1.33720320e+08  175
   12.46000  1.33647768e+08  175
   12.48000  1.33616061e+08  175
   12.50000  1.33554603e+08  175
   12.52000  1.33605093e+08  175
   12.54000  1.33662826e+08  175
   12.56000  1.33514754e+08  175
   12.58000  1.33493434e+08  175
   12.60000  1.33472959e+08  175
   12.62000  1.33423318e+08  175
   12.64000  1.33373209e+08  175
   12.66000  1.33404600e+08  174
   12.68000  1.33435035e+08  174
   12.70000  1.33518582e+08  174
   12.72000  1.33421579e+08  174
   12.74000  1.33375345e+08  174
   12.76000  1.33201914e+08  174
   12.78000  1.33286444e+08  174
   12.80000  1.33379312e+08  174
   12.82000  1.33340807e+08  174
   12.84000  1.33354917e+08  174
   12.86000  1.33425968e+08  174
   12.88000  1.33149780e+08  174
   12.90000  1.33004171e+08  174
   12.92000  1.33024098e+08  174
   12.94000  1.33188840e+08  174
   12.96000  1.33184046e+08  174
   12.98000  1.33213698e+08  174
   13.00000  1.33073481e+08  174
   13.02000  1.33053887e+08  174
   13.04000  1.33048673e+08  174
   13.06000  1.32961804e+08  174
   13.08000  1.32951451e+08  174
   13.10000  1.32934084e+08  174
   13.12000  1.32989115e+08  174
   13.14000  1.32915248e+08  174
   13.16000  1.32959855e+08  174
   13.18000  1.32742753e+08  174
   13.20000  1.32743466e+08  174
   13.22000  1.32745500e+08  174
   13.24000  1.32723780e+08  174
   13.26000  1.32672278e+08  174
   13.28000  1.32672523e+08  174
   13.30000  1.32823850e+08  174
   13.32000  1.32842133e+08  174
   13.34000  1.32661526e+08  173
   13.36000  1.32629485e+08  173
   13.38000  1.32645862e+08  173
   13.40000  1.32635740e+08  173
   13.42000  1.32430490e+08  173
   13.44000  1.32236360e+08  173
   13.46000  1.32255560e+08  173
   13.48000  1.32513185e+08  173
   13.50000  1.32441285e+08  173
   13.52000  1.32438560e+08  173
   13.54000  1.32473659e+08  173
   13.56000  1.32472675e+08  173
   13.58000  1.32420875e+08  173
   13.60000  1.32216374e+08  173
   13.62000  1.32194115e+08  173
   13.64000  1.32130342e+08  173
   13.66000  1.32082939e+08  173
   13.68000  1.32314615e+08  173
   13.70000  1.32248284e+08  173
   13.72000  1.31995798e+08  173
   13.74000  1.32013298e+08  173
   13.76000  1.32026125e+08  173
   13.78000  1.32074417e+08  173
   13.80000  1.32033438e+08  173
   13.82000  1.31920632e+08  173
   13.84000  1.31846622e+08  173
   13.86000  1.31742287e+08  173
   13.88000  1.31877135e+08  173
   13.90000  1.31767360e+08  173
   13.92000  1.31761170e+08  173
   13.94000  1.31683809e+08  173
   13.96000  1.31624968e+08  173
   13.98000  1.31550868e+08  173
   14.00000  1.31696344e+08  172
   14.02000  1.31836770e+08  172
   14.04000  1.31805946e+08  172
   14.06000  1.31775275e+08  172
   14.08000  1.31673238e+08  173
   14.10000  1.31519065e+08  172
   14.12000  1.31579762e+08  172
   14.14000  1.31498339e+08  172
   14.16000  1.31339298e+08  172
   14.18000  1.31307762e+08  172
   14.20000  1.31431085e+08  172
   14.22000  1.31446243e+08  172
   14.24000  1.31339199e+08  172
   14.26000  1.31179638e+08  172
   14.28000  1.31206810e+08  172
   14.30000  1.31161195e+08  172
   14.32000  1.31229537e+08  172
   14.34000  1.31215245e+08  172
   14.36000  1.31208672e+08  172
   14.38000  1.31156989e+08  172
   14.40000  1.30905962e+08  172
   14.42000  1.30955671e+08  172
   14.44000  1.31022051e+08  172
   14.46000  1.30928463e+08  172
   14.48000  1.31008949e+08  172
   14.50000  1.30978823e+08  172
   14.52000  1.30983567e+08  172
   14.54000  1.30812829e+08  172
   14.56000  1.30846148e+08  172
   14.58000  1.30801243e+08  172
   14.60000  1.30805663e+08  172
   14.62000  1.30878939e+08  172
   14.64000  1.30791649e+08  172
   14.66000  1.30746679e+08  172
   14.68000  1.30646562e+08  172
   14.70000  1.30685377e+08  172
   14.72000  1.30703393e+08  172
   14.74000  1.30596434e+08  172
   14.76000  1.30543398e+08  172
   14.78000  1.30494406e+08  172
   14.80000  1.30439324e+08  172
   14.82000  1.30307111e+08  171
   14.84000  1.30369638e+08  171
   14.86000  1.30366338e+08  171
   14.88000  1.30353297e+08  171
   14.90000  1.30271700e+08  171
   14.92000  1.30283344e+08  171
   14.94000  1.30277570e+08  171
   14.96000  1.30205250e+08  171
   14.98000  1.30166536e+08  171
   15.00000  1.30108224e+08  171
   15.02000  1.30045305e+08  171
   15.04000  1.30152145e+08  171
   15.06000  1.30139199e+08  171
   15.08000  1.30082318e+08  171
   15.10000  1.30032687e+08  171
   15.12000  1.29966102e+08  171
   15.14000  1.29944296e+08  171
   15.16000  1.29971407e+08  171
   15.18000  1.29967309e+08  171
   15.20000  1.29827737e+08  171
   15.22000  1.29665346e+08  171
   15.24000  1.29638632e+08  171
   15.26000  1.29741773e+08  171
   15.28000  1.29745203e+08  171
   15.30000  1.29502807e+08  171
   15.32000  1.29544573e+08  171
   15.34000  1.29678236e+08  171
   15.36000  1.29649946e+08  171
   15.38000  1.29600083e+08  171
   15.40000  1.29556747e+08  171
   15.42000  1.29461787e+08  171
   15.44000  1.29377624e+08  171
   15.46000  1.29265897e+08  171
   15.48000  1.29333146e+08  171
   15.50000  1.29211164e+08  171
   15.52000  1.29269117e+08  171
   15.54000  1.29219618e+08  171
   15.56000  1.29146357e+08  170
   15.58000  1.29101134e+08  170
   15.60000  1.29177071e+08  170
   15.62000  1.29278986e+08  170
   15.64000  1.29253639e+08  170
   15.66000  1.29114743e+08  170
   15.68000  1.29082852e+08  170
   15.70000  1.29060595e+08  170
   15.72000  1.28951728e+08  170
   15.74000  1.28988623e+08  170
   15.76000  1.29004069e+08  170
   15.78000  1.28821066e+08  170
   15.80000  1.28717660e+08  170
   15.82000  1.28778517e+08  170
   15.84000  1.28801480e+08  170
   15.86000  1.28825813e+08  170
   15.88000  1.28833644e+08  170
   15.90000  1.28743978e+08  170
   15.92000  1.28659051e+08  170
   15.94000  1.28663610e+08  170
   15.96000  1.28615754e+08  170
   15.98000  1.28541431e+08  170
   16.00000  1.28361491e+08  170
stop
